I [mA]	0.100000
H [kOe]	20.102000
Time [s]	V_xx [mV]	V_xy [mV]
0.00000	-0.00300	173.34700
0.27402	0.00000	173.34700
0.55303	-0.00200	173.35000
0.83305	-0.00400	173.34900
1.32508	-0.00100	173.35800
1.60309	-0.00500	173.35100
1.87311	-0.00300	173.35300
2.15312	-0.00200	173.35700
2.43214	-0.00400	173.35500
2.71216	-0.00200	173.35300
2.99317	-0.00300	173.35200
3.27219	-0.00400	173.35400
3.55220	-0.00300	173.35800
3.83222	-0.00200	173.35300
4.11224	-0.00300	173.34900
4.39225	-0.00300	173.35200
4.67227	-0.00100	173.35700
4.95228	-0.00200	173.35900
5.23230	-0.00200	173.35200
5.51232	-0.00200	173.35400
5.79233	-0.00300	173.35900
6.07235	-0.00300	173.35900
6.35236	-0.00100	173.35300
6.63238	-0.00300	173.34800
6.91240	-0.00500	173.35500
7.19241	-0.00300	173.35600
7.47243	0.00000	173.35400
7.75244	-0.00300	173.34800
8.03246	0.00100	173.35800
8.31248	0.00100	173.35700
8.59249	-0.00400	173.35600
8.87251	-0.00200	173.35100
9.15252	-0.00200	173.35100
9.43254	-0.00200	173.35400
9.71256	-0.00200	173.35800
9.99257	-0.00300	173.34900
10.27259	-0.00300	173.35100
10.55260	-0.00300	173.35300
10.83262	-0.00200	173.35600
11.11264	-0.00400	173.35200
11.39265	0.00100	173.34900
11.67267	-0.00200	173.35800
11.95268	-0.00200	173.35800
12.23270	-0.00400	173.35200
12.51272	-0.00100	173.35100
12.79273	0.00000	173.35300
13.07275	-0.00200	173.36000
13.35276	-0.00300	173.35500
13.63278	-0.00400	173.35400
13.91180	-0.00500	173.35100
14.18581	-0.00300	173.35600
14.45183	-0.00300	173.36000
14.72584	-0.00100	173.35400
14.99286	-0.00400	173.35000
15.27187	-0.00400	173.35300
15.54589	-0.00300	173.35900
15.81190	-0.00300	173.35500
16.08592	-0.00100	173.35400
16.35194	-0.00300	173.35500
16.62595	-0.00300	173.35900
16.90297	-0.00400	173.35400
17.17198	-0.00300	173.35400
17.45300	-0.00100	173.34900
17.73201	0.00000	173.35700
18.01203	-0.00300	173.35800
18.29205	-0.00200	173.35500
18.57206	-0.00400	173.35000
18.85208	-0.00400	173.35700
19.13209	-0.00400	173.35900
19.41211	-0.00400	173.35600
19.69213	-0.00300	173.34800
19.97214	-0.00300	173.35500
20.25216	-0.00200	173.35700
20.53217	-0.00100	173.35900
20.81219	-0.00100	173.35200
21.09221	-0.00300	173.35000
21.37222	-0.00300	173.35500
21.65224	0.00000	173.35400
21.93225	-0.00300	173.35100
22.21227	-0.00400	173.35200
22.49229	-0.00300	173.35400
22.77230	0.00000	173.35900
23.05232	0.00000	173.35300
23.33233	-0.00100	173.34700
23.61235	-0.00200	173.36100
23.89237	-0.00100	173.36300
24.17238	-0.00400	173.35900
24.45240	-0.00200	173.35300
24.73241	-0.00400	173.35300
25.01243	-0.00300	173.35600
25.29245	-0.00200	173.35600
25.57246	-0.00200	173.35400
25.85248	-0.00100	173.35800
26.13249	-0.00300	173.35700
26.41251	-0.00300	173.35900
26.69253	-0.00400	173.35700
26.97254	-0.00300	173.35200
27.25256	-0.00200	173.35500
27.53257	-0.00300	173.36500
27.81259	-0.00300	173.35100
28.09261	-0.00400	173.34900
28.37262	-0.00300	173.35400
28.65264	-0.00400	173.35700
28.93265	-0.00200	173.35100
29.21267	0.00000	173.35100
29.49269	-0.00200	173.35100
29.77170	0.00000	173.35500
30.05272	-0.00100	173.35600
30.33274	-0.00100	173.35100
30.61175	-0.00500	173.34900
30.89177	-0.00300	173.35400
31.17278	-0.00400	173.35700
31.45180	-0.00100	173.35200
31.73182	-0.00400	173.34800
32.01183	-0.00200	173.35200
32.29185	-0.00400	173.35500
32.57186	-0.00300	173.34900
32.85188	0.00000	173.34900
33.13190	-0.00200	173.35200
33.41191	-0.00300	173.35400
33.69193	-0.00200	173.35400
33.97194	-0.00100	173.35100
34.25196	-0.00200	173.34700
34.53198	-0.00200	173.35400
34.81199	-0.00300	173.35800
35.09201	-0.00100	173.35000
35.37202	-0.00100	173.35500
35.65104	-0.00100	173.35400
35.92305	-0.00300	173.36400
36.19207	-0.00100	173.35700
36.47209	-0.00100	173.34800
36.75210	-0.00300	173.35300
37.03212	-0.00100	173.35600
37.31213	-0.00400	173.35500
37.59215	-0.00500	173.35000
37.87217	-0.00300	173.35100
38.15218	-0.00300	173.35400
38.43220	-0.00100	173.35700
38.71221	-0.00300	173.35400
38.99223	-0.00300	173.34900
39.27225	-0.00200	173.35200
39.55226	-0.00300	173.35900
39.83228	-0.00300	173.35000
40.11229	-0.00200	173.34600
40.39231	-0.00400	173.34800
40.67233	-0.00500	173.35500
40.95234	-0.00300	173.35000
41.23136	-0.00200	173.34900
41.50737	-0.00300	173.35300
41.78339	-0.00100	173.35200
42.05240	0.00200	173.35800
42.33242	-0.00200	173.34900
42.61244	0.00000	173.34600
42.89245	-0.00200	173.35100
43.17147	-0.00500	173.35400
43.44549	0.00000	173.34800
43.71150	-0.00100	173.34700
43.98752	-0.00400	173.35100
44.26353	-0.00300	173.35500
44.53155	-0.00500	173.35500
44.81256	-0.00400	173.34900
45.09158	-0.00500	173.35000
45.37260	0.00100	173.35200
45.65161	-0.00400	173.35100
45.93163	-0.00200	173.35000
46.21164	-0.00300	173.34400
46.49166	-0.00400	173.35000
46.77168	-0.00300	173.35000
47.05169	-0.00200	173.34700
47.33171	-0.00100	173.34700
47.61172	-0.00400	173.35500
47.89174	-0.00100	173.35800
48.17176	-0.00100	173.35400
48.45177	-0.00200	173.34600
48.73179	-0.00200	173.35100
49.01180	-0.00200	173.35200
49.29182	-0.00400	173.35300
49.57184	-0.00100	173.34700
49.85185	-0.00300	173.35100
50.13187	0.00000	173.35500
50.41188	-0.00500	173.35400
50.69190	-0.00100	173.35100
50.97192	-0.00300	173.34600
51.25193	-0.00100	173.34800
51.53195	-0.00300	173.35500
51.81196	-0.00200	173.35200
52.09198	-0.00300	173.34800
52.37200	-0.00200	173.35100
52.65201	-0.00300	173.35600
52.93203	-0.00300	173.35400
53.21204	-0.00200	173.34800
53.49206	-0.00500	173.35000
53.77208	-0.00300	173.35500
54.05209	-0.00500	173.35600
54.33211	-0.00400	173.34700
54.61212	-0.00500	173.34700
54.89214	-0.00500	173.34800
55.17216	0.00200	173.35100
55.45117	-0.00100	173.34800
55.72319	-0.00200	173.34600
55.99220	-0.00100	173.35300
56.27222	-0.00300	173.35300
56.55223	0.00100	173.35300
56.83225	-0.00500	173.34900
57.11127	-0.00400	173.35200
57.38728	-0.00200	173.35400
57.66330	-0.00400	173.35500
57.93131	-0.00500	173.34700
58.21133	-0.00400	173.34900
58.49135	-0.00200	173.35000
58.77136	-0.00200	173.35100
59.05138	-0.00400	173.35000
59.33139	-0.00500	173.34500
59.61141	-0.00100	173.35100
59.89143	-0.00200	173.35800
60.17144	-0.00500	173.35400
60.45146	-0.00100	173.34700
60.73147	-0.00100	173.34600
61.01149	-0.00300	173.35300
61.29151	-0.00200	173.35000
61.57152	-0.00200	173.34700
61.85154	-0.00400	173.34800
62.13155	-0.00300	173.35400
62.41157	-0.00300	173.35300
62.69159	-0.00300	173.35300
62.97160	-0.00100	173.34300
63.25162	-0.00300	173.35400
63.53163	-0.00300	173.35300
63.81165	-0.00200	173.35100
64.09167	-0.00200	173.34100
64.37168	-0.00300	173.34600
64.65170	-0.00300	173.35800
64.93171	-0.00300	173.35400
65.21173	-0.00500	173.35200
65.49175	-0.00300	173.34900
65.77176	-0.00500	173.35300
66.05178	-0.00300	173.35400
66.33179	0.00000	173.34700
66.61181	-0.00100	173.34500
66.89183	-0.00400	173.35000
67.17184	-0.00200	173.35200
67.45186	-0.00400	173.34700
67.73187	-0.00300	173.34800
68.01189	-0.00300	173.34900
68.29091	-0.00300	173.35500
68.56292	-0.00200	173.35100
68.83194	-0.00200	173.34400
69.11195	-0.00300	173.34600
69.39097	-0.00200	173.35100
69.66298	-0.00200	173.35500
69.93200	-0.00300	173.34500
70.21202	-0.00400	173.35100
70.49103	-0.00100	173.35300
70.76705	-0.00400	173.35200
71.04306	-0.00400	173.34600
71.31108	-0.00200	173.34900
71.59209	-0.00300	173.35200
71.87111	-0.00300	173.35500
72.15113	-0.00400	173.35300
72.43114	-0.00100	173.34600
72.71116	-0.00300	173.34600
72.99117	-0.00100	173.35600
73.27119	-0.00400	173.35500
73.55121	-0.00500	173.34800
73.83122	-0.00500	173.34800
74.11124	-0.00200	173.35100
74.39126	-0.00400	173.35700
74.67127	-0.00200	173.34600
74.95129	-0.00100	173.34300
75.23130	-0.00400	173.34600
75.51132	-0.00400	173.35600
75.79134	-0.00400	173.34900
76.07135	-0.00200	173.34700
76.35137	-0.00200	173.34800
76.63138	-0.00300	173.35300
76.91140	-0.00300	173.35100
77.19142	-0.00500	173.34700
77.47143	-0.00400	173.34800
77.75145	-0.00400	173.35100
78.03146	-0.00100	173.35100
78.31148	-0.00500	173.34300
78.59150	-0.00100	173.34600
78.87151	-0.00200	173.35000
79.15153	-0.00400	173.35200
79.43154	-0.00300	173.35300
79.71156	-0.00300	173.34500
79.99158	-0.00300	173.34300
80.27159	-0.00300	173.35500
80.55161	-0.00500	173.35000
80.83162	-0.00600	173.34400
81.11164	-0.00500	173.35100
81.39166	-0.00200	173.34900
81.67167	-0.00300	173.34900
81.95169	-0.00300	173.34900
82.23170	-0.00500	173.34300
82.51172	-0.00200	173.34900
82.79174	-0.00300	173.35000
83.07175	0.00200	173.35100
83.35177	-0.00400	173.34500
83.63078	-0.00100	173.34900
83.90280	-0.00300	173.35600
84.17081	-0.00200	173.34900
84.44383	-0.00500	173.34800
84.71184	-0.00400	173.34800
84.99086	-0.00500	173.35200
85.26388	-0.00200	173.34900
85.53089	-0.00200	173.34400
85.81091	-0.00400	173.34700
86.09092	-0.00300	173.35100
86.37094	-0.00200	173.35300
86.65096	-0.00100	173.35000
86.93097	-0.00100	173.34400
87.21099	-0.00100	173.34300
87.49100	-0.00300	173.34400
87.77102	-0.00200	173.34800
88.05104	-0.00200	173.34500
88.33105	-0.00100	173.34400
88.61107	0.00000	173.34700
88.89108	-0.00400	173.35100
89.17110	-0.00300	173.34800
89.45112	-0.00400	173.34400
89.73113	-0.00300	173.34800
90.01115	0.00100	173.34800
90.29116	-0.00500	173.34700
90.57118	-0.00200	173.34200
90.85120	-0.00300	173.34800
91.13121	-0.00400	173.35500
91.41123	-0.00300	173.34900
91.69124	-0.00300	173.34200
91.97126	-0.00400	173.34600
92.25128	-0.00500	173.35200
92.53129	-0.00200	173.35300
92.81131	-0.00500	173.34300
93.09132	-0.00400	173.34200
93.37134	-0.00300	173.35200
93.65136	-0.00300	173.35200
93.93137	-0.00200	173.34700
94.21139	-0.00500	173.34300
94.49140	-0.00500	173.35000
94.77142	-0.00300	173.35200
95.05144	-0.00500	173.34700
95.33145	-0.00500	173.34500
95.61147	-0.00500	173.34500
95.89148	-0.00400	173.35400
96.17150	-0.00300	173.35100
96.45152	-0.00400	173.34500
96.73153	-0.00200	173.34600
97.01055	-0.00200	173.35200
97.28356	-0.00500	173.35100
97.55058	-0.00500	173.34800
97.82360	-0.00500	173.34400
98.09161	-0.00100	173.35300
98.37163	0.00000	173.35300
98.65064	-0.00500	173.35100
98.92366	-0.00600	173.34700
99.19067	-0.00500	173.34900
99.47069	-0.00100	173.35100
99.75070	-0.00200	173.34900
100.03072	-0.00400	173.34500
100.31074	0.00000	173.34600
100.59075	0.00000	173.34600
100.87077	-0.00200	173.35200
101.15079	-0.00400	173.34600
101.43080	-0.00500	173.34600
101.71082	-0.00300	173.35300
101.99083	-0.00100	173.34800
102.27085	-0.00500	173.34800
102.55087	-0.00300	173.34800
102.83088	-0.00300	173.34900
103.11090	-0.00500	173.35100
103.39091	-0.00200	173.34300
103.67093	-0.00200	173.34600
103.95095	-0.00500	173.34500
104.23096	-0.00300	173.35000
104.51098	-0.00200	173.35100
104.79099	-0.00400	173.34200
105.07101	-0.00500	173.34000
105.35103	-0.00500	173.35400
105.63104	-0.00500	173.34800
105.91106	-0.00500	173.34400
106.19107	-0.00300	173.34300
106.47109	-0.00300	173.34400
106.75111	-0.00400	173.35100
107.03112	-0.00400	173.35000
107.31114	-0.00200	173.34400
107.59115	-0.00200	173.34500
107.87117	-0.00300	173.35100
108.15119	-0.00300	173.35400
108.43120	-0.00100	173.34600
108.71122	-0.00500	173.34500
108.99123	-0.00400	173.35400
109.27125	-0.00400	173.35000
109.55127	-0.00300	173.34400
109.83128	-0.00500	173.34700
110.11130	-0.00400	173.35300
110.39131	-0.00400	173.35600
110.67133	-0.00300	173.34700
110.95135	-0.00300	173.34500
111.23136	-0.00100	173.34500
111.51038	-0.00200	173.35100
111.78339	-0.00200	173.34600
112.05041	-0.00300	173.34000
112.33042	-0.00300	173.34300
112.60344	-0.00300	173.35000
112.87046	-0.00200	173.34800
113.15047	-0.00500	173.34900
113.43049	-0.00200	173.34400
113.71050	-0.00300	173.34800
113.99052	-0.00500	173.35600
114.27054	-0.00200	173.34600
114.55055	-0.00300	173.34700
114.83057	-0.00400	173.34600
115.11058	-0.00300	173.35500
115.39060	-0.00500	173.34800
115.67062	-0.00400	173.34800
115.95063	-0.00500	173.34900
116.23065	-0.00300	173.35100
116.51066	-0.00200	173.34700
116.79068	-0.00200	173.34300
117.07070	-0.00200	173.34800
117.35071	-0.00100	173.35100
117.63073	-0.00500	173.34800
117.91074	-0.00100	173.34500
118.19076	-0.00400	173.34400
118.47078	-0.00400	173.34700
118.75079	-0.00500	173.35000
119.03081	-0.00100	173.34500
119.31082	-0.00300	173.34300
119.59084	-0.00400	173.34700
119.87086	-0.00400	173.35200
120.15087	-0.00200	173.34700
120.43089	-0.00400	173.34400
120.71090	-0.00400	173.34600
120.99092	-0.00200	173.35400
121.27094	-0.00300	173.34800
121.55095	-0.00400	173.34600
121.83097	-0.00500	173.34700
122.11098	-0.00500	173.34600
122.39100	-0.00400	173.35300
122.67102	-0.00500	173.34400
122.95103	-0.00300	173.34100
123.23105	0.00100	173.34600
123.51106	-0.00200	173.34900
123.79108	0.00100	173.34800
124.07010	-0.00300	173.34000
124.34311	-0.00500	173.34300
124.61113	0.00100	173.35000
124.89014	-0.00300	173.35000
125.16316	-0.00400	173.34800
125.43117	-0.00200	173.34700
125.71019	-0.00400	173.35200
125.98321	-0.00200	173.35100
126.25122	-0.00400	173.34700
126.53024	-0.00200	173.34400
126.81025	-0.00300	173.35000
127.09027	-0.00300	173.35200
127.37029	-0.00200	173.34800
127.65030	-0.00400	173.34500
127.93032	-0.00100	173.34600
128.21033	-0.00200	173.34800
128.49035	-0.00300	173.35200
128.77036	-0.00400	173.34400
129.05038	-0.00200	173.34600
129.33040	-0.00500	173.35000
129.61041	-0.00500	173.35400
129.89043	-0.00300	173.34300
130.17044	-0.00300	173.34600
130.45046	-0.00300	173.34600
130.73048	-0.00300	173.35400
131.01049	0.00000	173.34900
131.29051	0.00000	173.34300
131.57053	-0.00500	173.35000
131.85054	-0.00500	173.35400
132.13056	-0.00300	173.35100
132.41057	-0.00400	173.34500
132.69059	-0.00300	173.34700
132.97061	-0.00400	173.34900
133.25062	-0.00200	173.35000
133.53064	-0.00300	173.34700
133.81065	-0.00500	173.34400
134.09067	-0.00300	173.35100
134.37069	-0.00400	173.35200
134.65070	-0.00200	173.34600
134.93072	-0.00400	173.34500
135.21073	0.00000	173.34300
135.49075	-0.00300	173.35300
135.77077	-0.00300	173.34900
136.05078	-0.00500	173.34200
136.33080	-0.00200	173.34300
136.61081	-0.00200	173.35400
136.89083	-0.00300	173.35300
137.17085	-0.00200	173.34900
137.45086	-0.00500	173.35000
137.73088	-0.00300	173.35300
138.01089	-0.00500	173.35100
138.29091	-0.00200	173.34500
138.57093	-0.00600	173.34500
138.84994	-0.00300	173.34900
139.12396	-0.00200	173.35200
139.39097	-0.00300	173.35200
139.67099	-0.00400	173.34500
139.95100	0.00000	173.34200
140.23002	-0.00300	173.35000
140.51004	-0.00400	173.35300
140.78305	-0.00500	173.34300
141.05007	-0.00200	173.35000
141.32308	-0.00300	173.34700
141.59010	-0.00400	173.35300
141.87011	-0.00400	173.35300
142.15013	-0.00500	173.34100
142.43015	-0.00500	173.35200
142.71016	-0.00500	173.35100
142.99018	-0.00500	173.35400
143.27019	-0.00200	173.34600
143.55021	-0.00100	173.34500
143.83023	-0.00200	173.35400
144.11024	-0.00300	173.35000
144.39026	-0.00300	173.34400
144.67027	-0.00500	173.34100
144.95029	-0.00100	173.34600
145.23031	-0.00400	173.35300
145.51032	-0.00200	173.35200
145.79034	-0.00400	173.35000
146.07035	-0.00400	173.34900
146.35037	-0.00300	173.36000
146.63039	-0.00300	173.35000
146.91040	-0.00100	173.34500
147.19042	-0.00200	173.34800
147.47043	-0.00500	173.35200
147.75045	-0.00300	173.35200
148.03047	-0.00500	173.34700
148.31048	-0.00500	173.34700
148.59050	-0.00300	173.34900
148.87051	-0.00500	173.34900
149.15053	-0.00400	173.34700
149.43055	-0.00100	173.34600
149.71056	-0.00500	173.34900
149.99058	-0.00100	173.35400
150.27059	-0.00400	173.34500
150.55061	-0.00300	173.34200
150.83063	-0.00500	173.34700
151.11064	-0.00100	173.35200
151.39066	-0.00200	173.35600
151.67068	-0.00400	173.34500
151.95069	-0.00500	173.34600
152.23071	0.00000	173.35400
152.51072	-0.00200	173.35500
152.79074	-0.00300	173.34900
153.06976	0.00000	173.34400
153.34377	-0.00400	173.35000
153.61079	-0.00400	173.35300
153.88980	-0.00300	173.34500
154.16282	-0.00100	173.34300
154.42983	-0.00400	173.34500
154.70385	-0.00400	173.35300
154.96986	-0.00600	173.35200
155.24988	-0.00500	173.34500
155.52990	-0.00400	173.35000
155.81091	-0.00100	173.35300
156.08993	-0.00500	173.35300
156.36994	-0.00300	173.35000
156.64996	-0.00200	173.34500
156.92998	-0.00500	173.35000
157.20999	-0.00400	173.35200
157.49001	-0.00200	173.34600
157.77002	-0.00400	173.34500
158.04904	-0.00400	173.35100
158.32306	-0.00300	173.35500
158.59007	-0.00200	173.35400
158.87009	-0.00400	173.34300
159.15010	-0.00400	173.34600
159.43012	0.00000	173.35300
159.71013	-0.00300	173.34900
159.99015	-0.00300	173.34600
160.27017	-0.00500	173.34000
160.55018	-0.00100	173.35100
160.83020	-0.00400	173.35000
161.11022	-0.00400	173.34800
161.39023	-0.00400	173.34800
161.67025	-0.00500	173.34900
161.95026	0.00000	173.36000
162.23028	-0.00300	173.34900
162.51030	-0.00100	173.34900
162.79031	-0.00300	173.35200
163.07033	-0.00400	173.35300
163.35034	-0.00500	173.35400
163.63036	-0.00300	173.34600
163.91038	-0.00300	173.35100
164.19039	-0.00500	173.35200
164.47041	-0.00300	173.35500
164.75042	-0.00500	173.34900
165.03044	-0.00300	173.34700
165.31046	-0.00400	173.35300
165.59047	-0.00400	173.35800
165.86949	-0.00100	173.34800
166.14350	-0.00200	173.34800
166.41052	-0.00500	173.34500
166.69053	-0.00100	173.35600
166.97055	-0.00300	173.35600
167.24957	-0.00300	173.35000
167.52358	-0.00200	173.34700
167.78960	-0.00100	173.35300
168.06361	-0.00500	173.35000
168.32963	-0.00300	173.35000
168.60364	-0.00700	173.34300
168.86966	-0.00400	173.34900
169.14967	-0.00300	173.36100
169.43069	-0.00400	173.35300
169.70971	-0.00400	173.34600
169.98972	-0.00500	173.35000
170.27074	-0.00400	173.35300
170.54975	-0.00300	173.35200
170.82977	-0.00100	173.34900
171.10979	-0.00400	173.34600
171.38980	-0.00300	173.35500
171.66982	-0.00300	173.35400
171.94983	-0.00500	173.35100
172.22985	-0.00300	173.34900
172.50987	-0.00500	173.35100
172.78988	-0.00300	173.35200
173.06990	-0.00300	173.34900
173.34992	-0.00300	173.34800
173.62993	-0.00200	173.35300
173.90995	-0.00200	173.35300
174.18996	-0.00500	173.35000
174.46998	-0.00400	173.34400
174.75000	-0.00300	173.34800
175.03001	-0.00300	173.35200
175.31003	-0.00200	173.35100
175.59004	-0.00200	173.35500
175.87006	-0.00300	173.34800
176.15008	-0.00500	173.35400
176.43009	-0.00400	173.35700
176.71011	-0.00300	173.35300
176.99012	-0.00400	173.34700
177.27014	-0.00600	173.35200
177.55016	-0.00500	173.35700
177.83017	-0.00200	173.35200
178.11019	-0.00400	173.34600
178.39020	-0.00500	173.35400
178.67022	-0.00500	173.35400
178.95024	0.00000	173.35300
179.23025	-0.00300	173.35200
179.50927	-0.00500	173.35200
179.78328	-0.00500	173.35100
180.05030	-0.00200	173.35300
180.32931	-0.00500	173.34900
180.60333	-0.00400	173.34900
180.87035	-0.00500	173.35200
181.14936	-0.00300	173.35900
181.42338	-0.00100	173.35100
181.68939	-0.00100	173.35200
181.96341	-0.00100	173.35200
182.23042	-0.00300	173.35300
182.50944	-0.00100	173.35400
182.78946	-0.00300	173.35000
183.06947	-0.00400	173.35000
183.34949	-0.00100	173.35200
183.62950	-0.00300	173.35500
183.90952	-0.00400	173.35100
184.18954	-0.00300	173.35400
184.46955	-0.00200	173.35400
184.74957	-0.00400	173.35700
185.02958	-0.00200	173.35500
185.30960	-0.00400	173.35400
185.58962	-0.00300	173.35200
185.86963	-0.00400	173.35600
186.14965	-0.00500	173.35000
186.42966	-0.00500	173.35100
186.70968	-0.00300	173.35100
186.98970	-0.00300	173.35400
187.26971	-0.00300	173.35600
187.54973	-0.00100	173.34900
187.82974	-0.00500	173.35200
188.10976	-0.00400	173.35800
188.38978	-0.00500	173.36100
188.66979	-0.00400	173.35500
188.94981	-0.00400	173.35600
189.22982	-0.00300	173.35500
189.50984	-0.00500	173.36200
189.78986	-0.00500	173.35700
190.06987	-0.00500	173.34900
190.34989	-0.00500	173.34900
190.62990	-0.00500	173.35800
190.90992	-0.00400	173.35800
191.18994	-0.00400	173.35200
191.46995	-0.00400	173.35200
191.74997	-0.00500	173.35300
192.02998	-0.00300	173.35600
192.31000	-0.00400	173.35100
192.59002	-0.00100	173.35000
192.87003	-0.00200	173.35600
193.14905	-0.00400	173.35600
193.42306	-0.00300	173.35600
193.68908	-0.00300	173.34700
193.96309	-0.00200	173.35200
194.23011	-0.00500	173.35800
194.50912	-0.00500	173.35800
194.78314	-0.00500	173.35300
195.04916	-0.00200	173.35400
195.32317	-0.00100	173.35600
195.58919	-0.00400	173.35800
195.86320	-0.00300	173.35400
196.12922	0.00100	173.34700
196.40923	-0.00500	173.35500
196.68925	-0.00200	173.36200
196.96927	-0.00300	173.35700
197.24928	-0.00300	173.35300
197.52930	-0.00200	173.35900
197.80931	-0.00500	173.35700
198.08933	-0.00100	173.36300
198.36935	-0.00500	173.35100
198.64936	-0.00500	173.35400
198.92938	0.00000	173.36200
199.20939	-0.00400	173.35800
199.48941	-0.00300	173.35900
199.76943	0.00100	173.35400
200.04944	-0.00500	173.35600
200.32946	-0.00200	173.36000
200.60947	-0.00200	173.35400
200.88949	-0.00500	173.35100
201.16951	-0.00400	173.35200
201.44952	-0.00100	173.35700
201.72954	-0.00500	173.35700
202.00955	-0.00600	173.35100
202.28957	-0.00500	173.35100
202.56959	-0.00400	173.35800
202.84960	-0.00500	173.35800
203.12962	-0.00500	173.35500
203.40963	-0.00500	173.35500
203.68965	-0.00400	173.35600
203.96967	-0.00500	173.35800
204.24968	-0.00300	173.35200
204.52970	0.01100	173.35200
204.80971	-0.00500	173.35400
205.08973	-0.00200	173.35900
205.36975	-0.00500	173.35800
205.64976	-0.00300	173.35300
205.92978	-0.00300	173.35500
206.20879	-0.00300	173.35800
206.48281	-0.00200	173.36500
206.74983	-0.00400	173.35800
207.02984	-0.00500	173.35600
207.30986	-0.00400	173.35800
207.58987	-0.00100	173.35800
207.86989	-0.00300	173.35300
208.14991	-0.00100	173.35000
208.42992	-0.00100	173.36000
208.70894	-0.00400	173.36100
208.98295	-0.00300	173.35900
209.24897	-0.00400	173.35300
209.52298	-0.00200	173.35900
209.78900	-0.00500	173.35900
210.06902	-0.00500	173.36200
210.34903	-0.00400	173.35500
210.62905	-0.00600	173.35400
210.90906	-0.00500	173.35500
211.18908	-0.00300	173.36000
211.46910	-0.00400	173.35300
211.74911	-0.00200	173.35300
212.02913	-0.00100	173.35600
212.30914	-0.00200	173.36200
212.58916	-0.00500	173.35900
212.86918	-0.00200	173.35800
213.14919	-0.00400	173.35800
213.42921	-0.00500	173.35800
213.70922	-0.00400	173.36500
213.98924	-0.00500	173.35900
214.26926	-0.00500	173.35600
214.54927	-0.00400	173.35900
214.82929	-0.00100	173.36100
215.10930	-0.00400	173.35700
215.38932	-0.00100	173.35400
215.66934	-0.00300	173.35900
215.94935	-0.00500	173.36100
216.22937	-0.00400	173.36000
216.50938	-0.00400	173.35300
216.78940	-0.00500	173.36000
217.06942	-0.00400	173.35800
217.34943	-0.00500	173.35600
217.62945	-0.00200	173.35900
217.90946	-0.00200	173.36000
218.18948	-0.00600	173.36100
218.46950	0.00000	173.36000
218.74951	-0.00500	173.35800
219.02953	-0.00500	173.35900
219.30954	-0.00300	173.36300
219.58956	-0.00300	173.36500
219.86958	-0.00300	173.36300
220.14959	-0.00100	173.35400
220.42961	-0.00500	173.35700
220.70962	-0.00300	173.36700
220.98964	-0.00400	173.36400
221.26866	-0.00200	173.35700
221.54367	-0.00300	173.35600
221.80969	-0.00300	173.36500
222.08970	-0.00100	173.36000
222.36872	-0.00500	173.35900
222.64373	-0.00500	173.35700
222.90975	-0.00400	173.36300
223.18877	-0.00200	173.36600
223.46378	-0.00500	173.35900
223.72880	-0.00400	173.35600
224.00881	-0.00200	173.35900
224.28883	-0.00500	173.36400
224.56884	-0.00500	173.36600
224.84886	-0.00300	173.36400
225.12888	-0.00500	173.35800
225.40889	-0.00400	173.36400
225.68891	-0.00400	173.36100
225.96892	-0.00700	173.35800
226.24894	-0.00500	173.35900
226.52896	-0.00500	173.36000
226.80897	-0.00600	173.36600
227.08899	-0.00500	173.36100
227.36900	-0.00100	173.36100
227.64902	-0.00300	173.36200
227.92904	-0.00300	173.36500
228.20905	-0.00300	173.36200
228.48907	-0.00300	173.35600
228.76908	-0.00300	173.36000
229.04910	-0.00400	173.36600
229.32912	-0.00400	173.36300
229.60913	-0.00500	173.36000
229.88915	-0.00500	173.36200
230.16917	-0.00500	173.36500
230.44918	-0.00500	173.36500
230.72920	-0.00200	173.35700
231.00921	-0.00400	173.36100
231.28923	-0.00200	173.36200
231.56924	-0.00300	173.36900
231.84926	-0.00300	173.36200
232.12928	-0.00500	173.35600
232.40929	-0.00200	173.36300
232.68931	-0.00500	173.37000
232.96933	-0.00200	173.36600
233.24934	-0.00500	173.35800
233.52936	-0.00200	173.36400
233.80937	-0.00300	173.36200
234.08939	-0.00300	173.36500
234.36940	-0.00300	173.36200
234.64942	-0.00400	173.36100
234.92944	-0.00100	173.36300
235.20945	-0.00400	173.36500
235.48847	-0.00300	173.36500
235.76348	-0.00400	173.36100
236.02950	-0.00200	173.36200
236.30852	-0.00300	173.36800
236.58253	-0.00300	173.36400
236.84855	-0.00500	173.35900
237.12856	-0.00600	173.36200
237.40258	-0.00300	173.36100
237.66759	-0.00300	173.36300
237.94261	-0.00600	173.36400
238.20862	-0.00300	173.35700
238.48864	-0.00300	173.36200
238.76866	-0.00400	173.36700
239.04867	-0.00500	173.36600
239.32869	-0.00500	173.36300
239.60871	-0.00400	173.36800
239.88872	-0.00400	173.37300
240.16874	-0.00300	173.36400
240.44875	-0.00400	173.36000
240.72877	-0.00200	173.36700
241.00878	-0.00100	173.36500
241.28880	-0.00100	173.37200
241.56882	-0.00300	173.36400
241.84883	-0.00400	173.36200
242.12885	-0.00500	173.36800
242.40886	-0.00300	173.37200
242.68888	0.00000	173.37200
242.96890	0.00000	173.35800
243.24891	-0.00300	173.36800
243.52893	-0.00400	173.37200
243.80894	-0.00500	173.36200
244.08896	-0.00300	173.36400
244.36898	-0.00100	173.36300
244.64899	-0.00300	173.36800
244.92901	-0.00400	173.36900
245.20902	-0.00500	173.36100
245.48904	-0.00400	173.37000
245.76906	-0.00300	173.36600
246.04907	-0.00300	173.36800
246.32909	-0.00400	173.36500
246.60911	-0.00300	173.36200
246.88912	-0.00500	173.36500
247.16914	-0.00500	173.37000
247.44915	-0.00300	173.36600
247.72917	-0.00200	173.36100
248.00918	-0.00500	173.36400
248.28920	-0.00500	173.37200
248.56922	-0.00500	173.37000
248.84923	-0.00500	173.36600
249.12925	-0.00600	173.36800
249.40927	-0.00400	173.36500
249.68928	-0.00500	173.36400
249.96830	-0.00500	173.36100
250.24331	-0.00100	173.36200
250.50833	-0.00200	173.37200
250.78334	-0.00500	173.37000
251.04936	-0.00500	173.36800
251.32838	-0.00400	173.36500
251.60839	-0.00200	173.36700
251.88841	-0.00500	173.37800
252.16842	-0.00300	173.36800
252.44844	-0.00500	173.36600
252.72946	-0.00500	173.36500
253.00847	-0.00200	173.36900
253.28849	-0.00500	173.36800
253.56850	-0.00500	173.36700
253.84852	-0.00500	173.36700
254.12854	-0.00300	173.36800
254.40855	-0.00400	173.37600
254.68857	-0.00300	173.36900
254.96858	-0.00100	173.36400
255.24860	-0.00200	173.37000
255.52862	-0.00200	173.37800
255.80863	-0.00300	173.36500
256.08865	-0.00500	173.36300
256.36866	0.00000	173.36700
256.64868	-0.00200	173.37500
256.92870	-0.00500	173.37200
257.20871	-0.00500	173.36700
257.48873	-0.00200	173.36800
257.76874	-0.00300	173.37200
258.04876	-0.00200	173.37200
258.32878	-0.00500	173.36600
258.60879	-0.00400	173.36700
258.88881	-0.00300	173.37200
259.16882	-0.00600	173.37500
259.44884	-0.00200	173.37200
259.72886	-0.00200	173.36700
260.00887	-0.00400	173.37300
260.28889	-0.00500	173.37900
260.56890	-0.00400	173.37300
260.84892	-0.00200	173.37100
261.12894	-0.00300	173.37100
261.40895	-0.00400	173.37500
261.68897	-0.00400	173.36800
261.96898	-0.00500	173.36500
262.24900	-0.00400	173.36700
262.52902	-0.00300	173.37400
262.80903	-0.00300	173.37600
263.08905	-0.00400	173.37000
263.36806	-0.00100	173.37000
263.64308	-0.00200	173.37700
263.90809	-0.00500	173.37600
264.18311	-0.00500	173.37500
264.44813	-0.00300	173.36800
264.72314	-0.00300	173.36900
264.98816	-0.00400	173.37500
265.26817	-0.00400	173.37600
265.54819	-0.00100	173.36800
265.82820	-0.00200	173.36800
266.10822	-0.00400	173.37000
266.38824	-0.00200	173.37800
266.66825	-0.00300	173.37500
266.94827	-0.00500	173.36500
267.22828	-0.00200	173.37000
267.50830	-0.00200	173.37500
267.78832	-0.00300	173.37500
268.06833	-0.00300	173.36600
268.34835	-0.00400	173.37100
268.62837	-0.00300	173.37900
268.90838	-0.00300	173.37700
269.18840	-0.00500	173.37300
269.46841	-0.00300	173.37400
269.74843	-0.00400	173.37600
270.02844	-0.00400	173.37800
270.30846	-0.00300	173.36800
270.58848	-0.00300	173.37300
270.86849	-0.00400	173.37900
271.14851	-0.00400	173.37600
271.42852	-0.00400	173.37300
271.70854	-0.00400	173.37400
271.98856	-0.00400	173.37000
272.26857	-0.00400	173.37700
272.54859	-0.00600	173.37700
272.82861	-0.00500	173.36900
273.10862	-0.00400	173.37100
273.38864	-0.00400	173.37900
273.66865	-0.00400	173.37600
273.94867	-0.00500	173.37100
274.22868	-0.00100	173.36900
274.50870	-0.00300	173.37600
274.78872	-0.00300	173.37500
275.06873	-0.00200	173.37500
275.34875	-0.00300	173.37300
275.62877	-0.00500	173.38000
275.90878	-0.00300	173.38400
276.18880	-0.00300	173.37500
276.46781	-0.00400	173.37400
276.74283	-0.00100	173.36900
277.00884	-0.00300	173.38000
277.28786	-0.00200	173.38200
277.56288	-0.00300	173.37500
277.82789	-0.00400	173.37500
278.10291	-0.00500	173.37800
278.36792	-0.00500	173.38800
278.64294	-0.00200	173.38100
278.90795	-0.00500	173.37600
279.18797	-0.00300	173.37500
279.46899	-0.00300	173.37700
279.74800	-0.00200	173.37600
280.02802	-0.00400	173.37500
280.30803	-0.00200	173.37700
280.58905	-0.00500	173.37700
280.86806	-0.00400	173.37900
281.14808	-0.00600	173.37700
281.42810	-0.00200	173.37500
281.70811	-0.00400	173.37900
281.98813	-0.00200	173.37600
282.26815	-0.00200	173.37400
282.54816	-0.00500	173.37600
282.82818	-0.00300	173.37900
283.10819	-0.00500	173.38600
283.38821	-0.00400	173.37800
283.66822	-0.00400	173.37800
283.94824	-0.00500	173.38000
284.22826	-0.00200	173.38300
284.50827	-0.00300	173.38400
284.78829	-0.00300	173.37700
285.06831	-0.00500	173.37300
285.34832	-0.00300	173.38200
285.62834	-0.00400	173.38400
285.90835	-0.00400	173.37600
286.18837	-0.00500	173.37900
286.46838	-0.00300	173.37900
286.74840	-0.00300	173.38300
287.02842	0.00100	173.38200
287.30843	-0.00100	173.37700
287.58845	-0.00300	173.37800
287.86846	-0.00500	173.38400
288.14848	-0.00200	173.38000
288.42850	-0.00400	173.37500
288.70851	-0.00500	173.38000
288.98853	-0.00300	173.37700
289.26855	-0.00300	173.38600
289.54856	-0.00200	173.37600
289.82858	-0.00400	173.37800
290.10759	-0.00400	173.38200
290.38261	-0.00500	173.38800
290.64862	-0.00200	173.38000
290.92864	-0.00400	173.37700
291.20866	-0.00100	173.38100
291.48767	-0.00400	173.38400
291.76269	-0.00200	173.38300
292.02870	-0.00400	173.37800
292.30872	-0.00300	173.37600
292.58774	-0.00200	173.38200
292.86275	-0.00400	173.38200
293.12777	-0.00400	173.38100
293.40778	-0.00500	173.37700
293.68880	-0.00300	173.38300
293.96781	-0.00400	173.38700
294.24783	-0.00500	173.37600
294.52785	-0.00300	173.37700
294.80786	-0.00400	173.38300
295.08788	-0.00300	173.38500
295.36789	-0.00300	173.38300
295.64791	-0.00500	173.37700
295.92793	-0.00200	173.38100
296.20794	-0.00400	173.38300
296.48796	-0.00400	173.38400
296.76797	-0.00200	173.37900
297.04799	-0.00300	173.37900
297.32801	-0.00500	173.38300
297.60802	-0.00300	173.38700
297.88704	-0.00400	173.38000
298.16305	-0.00200	173.37600
298.42807	-0.00400	173.37900
298.70809	-0.00500	173.38700
298.98810	-0.00500	173.38100
299.26812	-0.00300	173.38000
299.54813	-0.00500	173.38600
299.82815	-0.00400	173.39000
300.10816	-0.00500	173.38500
300.38818	-0.00500	173.37900
300.66820	-0.00400	173.37800
300.94821	-0.00300	173.38200
301.22823	-0.00300	173.38600
301.50824	-0.00400	173.38200
301.78826	-0.00300	173.38100
302.06828	-0.00500	173.38100
302.34829	-0.00300	173.38600
302.62831	-0.00100	173.38500
302.90833	-0.00400	173.38300
303.18834	-0.00300	173.38200
303.46836	-0.00500	173.39000
303.74837	-0.00400	173.38700
304.02839	-0.00400	173.38200
304.30841	-0.00300	173.38200
304.58842	-0.00500	173.38500
304.86844	-0.00400	173.38500
305.14845	-0.00400	173.37700
305.42847	-0.00200	173.37900
305.70749	-0.00500	173.38400
305.98250	-0.00400	173.38300
306.24852	-0.00200	173.37900
306.52753	-0.00200	173.38200
306.80755	-0.00300	173.38700
307.08856	-0.00100	173.39000
307.36758	-0.00300	173.39200
307.64760	-0.00500	173.38200
307.92761	-0.00300	173.37800
308.20763	-0.00100	173.38900
308.48764	-0.00400	173.38900
308.76866	-0.00500	173.38700
309.04768	-0.00500	173.38300
309.32769	-0.00400	173.38500
309.60771	-0.00200	173.39100
309.88772	-0.00300	173.38100
310.16774	-0.00200	173.38600
310.44776	-0.00400	173.38600
310.72777	-0.00200	173.39000
311.00779	-0.00400	173.38400
311.28781	-0.00300	173.38000
311.56782	-0.00400	173.38300
311.84784	-0.00100	173.38600
312.12785	-0.00400	173.38400
312.40787	-0.00500	173.37800
312.68788	-0.00400	173.38100
312.96790	-0.00500	173.38700
313.24792	-0.00400	173.38300
313.52793	-0.00300	173.38100
313.80795	-0.00400	173.38400
314.08797	-0.00300	173.38700
314.36798	-0.00100	173.38900
314.64800	-0.00200	173.38100
314.92801	-0.00300	173.37800
315.20803	-0.00500	173.38200
315.48804	-0.00200	173.38600
315.76806	-0.00300	173.38600
316.04808	-0.00500	173.37900
316.32809	-0.00500	173.38100
316.60811	-0.00400	173.38700
316.88812	-0.00300	173.38800
317.16814	-0.00300	173.38500
317.44816	-0.00400	173.38400
317.72717	-0.00300	173.38600
318.00319	-0.00200	173.38900
318.26720	-0.00200	173.38300
318.54322	-0.00400	173.37800
318.80823	-0.00500	173.38100
319.08825	-0.00500	173.38600
319.36727	0.00000	173.38500
319.64328	-0.00200	173.38200
319.90730	-0.00500	173.38000
320.18331	-0.00400	173.38500
320.44733	-0.00400	173.38900
320.72734	-0.00100	173.38200
321.00736	-0.00200	173.38500
321.28838	-0.00200	173.38800
321.56739	-0.00500	173.39100
321.84741	-0.00300	173.38100
322.12742	-0.00300	173.37700
322.40744	-0.00400	173.38100
322.68746	-0.00500	173.38800
322.96747	-0.00500	173.38600
323.24749	-0.00400	173.38000
323.52750	-0.00300	173.38500
323.80752	-0.00200	173.38600
324.08754	-0.00400	173.38400
324.36755	-0.00400	173.38000
324.64757	-0.00400	173.37600
324.92759	-0.00300	173.38500
325.20760	-0.00300	173.39100
325.48762	-0.00200	173.38200
325.76763	-0.00200	173.38100
326.04765	-0.00200	173.38300
326.32766	-0.00300	173.39200
326.60768	-0.00500	173.38500
326.88770	-0.00400	173.38000
327.16771	-0.00400	173.38200
327.44773	-0.00200	173.38700
327.72775	-0.00400	173.38800
328.00776	-0.00200	173.37800
328.28778	-0.00300	173.38100
328.56779	-0.00300	173.38300
328.84781	-0.00200	173.38800
329.12782	-0.00200	173.38200
329.40784	-0.00300	173.37800
329.68786	0.00000	173.38200
329.96787	-0.00100	173.38700
330.24789	-0.00300	173.38100
330.52790	-0.00400	173.37800
330.80792	-0.00300	173.38600
331.08794	-0.00200	173.38900
331.36795	-0.00300	173.38200
331.64697	-0.00400	173.38000
331.92299	-0.00400	173.38400
332.18700	0.00000	173.38700
332.46302	-0.00400	173.38700
332.72703	-0.00200	173.38500
333.00305	-0.00300	173.38300
333.26706	-0.00300	173.38200
333.54308	-0.00500	173.39200
333.80709	-0.00500	173.38300
334.08311	-0.00400	173.37700
334.34812	-0.00200	173.37500
334.62714	-0.00100	173.38500
334.90716	-0.00500	173.38600
335.18717	-0.00600	173.37700
335.46719	-0.00400	173.37800
335.74720	-0.00200	173.38500
336.02722	-0.00100	173.38600
336.30724	-0.00300	173.37800
336.58725	-0.00300	173.37800
336.86727	-0.00200	173.38700
337.14728	-0.00300	173.38500
337.42730	-0.00400	173.38300
337.70732	-0.00300	173.38000
337.98733	-0.00500	173.38300
338.26735	-0.00300	173.38300
338.54736	-0.00300	173.37900
338.82738	-0.00200	173.37800
339.10740	-0.00400	173.38000
339.38541	-0.00400	173.38400
339.64743	-0.00200	173.38200
339.92744	-0.00200	173.37800
340.20746	-0.00300	173.37800
340.48747	-0.00400	173.37600
340.76749	-0.00200	173.38300
341.04751	-0.00300	173.38100
341.32752	-0.00200	173.37600
341.60754	-0.00300	173.37800
341.88755	-0.00500	173.38500
342.16757	-0.00400	173.37700
342.44759	-0.00500	173.37500
342.72760	-0.00200	173.37700
343.00762	-0.00200	173.38000
343.28763	-0.00500	173.38000
343.56765	-0.00300	173.37900
343.84767	-0.00600	173.37700
344.12568	-0.00300	173.38300
344.40270	-0.00300	173.38100
344.66771	-0.00500	173.38400
344.94773	-0.00400	173.37600
345.22575	-0.00200	173.37900
345.50276	-0.00500	173.37900
345.76578	-0.00300	173.37900
346.04279	-0.00500	173.37800
346.30781	-0.00400	173.37500
346.58482	-0.00100	173.38100
346.86384	-0.00400	173.37900
347.12785	-0.00200	173.37700
347.40587	-0.00200	173.37400
347.68289	-0.00400	173.38300
347.94590	0.00100	173.38500
348.22292	-0.00500	173.37500
348.48493	-0.00400	173.37100
348.74495	-0.00300	173.37400
349.00496	-0.00400	173.38000
349.26498	-0.00400	173.37900
349.52499	-0.00100	173.37200
349.78501	-0.00200	173.37300
350.04502	-0.00100	173.37500
350.30704	-0.00500	173.38300
350.58505	-0.00300	173.37400
350.84507	-0.00400	173.37300
351.10708	-0.00400	173.37600
351.38510	-0.00400	173.37700
351.64511	-0.00100	173.37600
351.90513	0.00000	173.37500
352.16514	-0.00200	173.37000
352.42516	-0.00400	173.37700
352.68717	-0.00500	173.38300
352.96519	-0.00500	173.37700
353.22520	-0.00400	173.37700
353.48722	-0.00300	173.37600
353.76523	-0.00400	173.38400
354.02525	-0.00200	173.38000
354.28526	-0.00200	173.37900
354.54528	-0.00400	173.37000
354.80529	-0.00400	173.37700
355.06531	-0.00400	173.38300
355.32532	-0.00300	173.37800
355.58534	-0.00500	173.37500
355.84735	-0.00500	173.37400
356.12537	-0.00200	173.37600
356.38538	-0.00400	173.38200
356.64540	-0.00400	173.37900
356.90741	-0.00500	173.37600
357.18543	-0.00500	173.37100
357.46245	-0.00200	173.37900
357.72546	-0.00300	173.37700
358.00248	-0.00500	173.37200
358.26549	-0.00500	173.37200
358.54251	-0.00500	173.37500
358.80552	-0.00500	173.37700
359.08254	-0.00200	173.37200
359.34555	-0.00300	173.36700
359.62257	-0.00300	173.37600
359.88558	-0.00200	173.38100
360.16260	-0.00700	173.37300
360.42562	-0.00400	173.37400
360.70263	-0.00200	173.36900
360.96565	-0.00500	173.37300
361.24266	-0.00300	173.37200
361.50568	-0.00500	173.37400
361.78269	0.00000	173.37300
362.04471	-0.00100	173.37500
362.30472	-0.00400	173.37900
362.56474	-0.00200	173.37300
362.82475	-0.00400	173.36800
363.08477	-0.00400	173.36900
363.34478	-0.00400	173.37600
363.60480	-0.00300	173.37600
363.86481	-0.00400	173.36800
364.12483	-0.00400	173.36800
364.38484	-0.00500	173.37000
364.64486	0.00100	173.37500
364.90487	-0.00500	173.37100
365.16489	-0.00500	173.37200
365.42490	-0.00300	173.36800
365.68492	-0.00100	173.37200
365.94493	-0.00300	173.38000
366.20495	-0.00300	173.37100
366.46496	-0.00500	173.36800
366.72498	-0.00200	173.37000
366.98499	-0.00400	173.37400
367.24501	-0.00100	173.37300
367.50502	-0.00100	173.36800
367.76503	-0.00200	173.36600
368.02505	-0.00300	173.36700
368.28507	-0.00400	173.37400
368.54508	-0.00500	173.37200
368.80509	-0.00300	173.36900
369.06511	-0.00500	173.36700
369.32512	-0.00400	173.37200
369.58514	-0.00300	173.37400
369.84515	-0.00400	173.37000
370.10517	-0.00400	173.36200
370.36518	-0.00300	173.36500
370.62520	-0.00400	173.37000
370.88521	-0.00300	173.37500
371.14523	-0.00500	173.36900
371.40524	-0.00300	173.37100
371.66526	-0.00100	173.37300
371.92527	-0.00400	173.37900
372.18529	-0.00500	173.37100
372.44530	-0.00400	173.36600
372.70532	-0.00300	173.36700
372.96533	-0.00200	173.36900
373.22535	-0.00300	173.37000
373.48536	-0.00500	173.37000
373.76238	-0.00200	173.36600
374.02439	0.00000	173.36600
374.28541	-0.00300	173.37300
374.54542	-0.00100	173.37300
374.82244	-0.00500	173.36300
375.08545	-0.00500	173.36800
375.36247	-0.00500	173.37000
375.62548	-0.00300	173.37200
375.90250	-0.00100	173.36300
376.16452	-0.00300	173.36300
376.42453	-0.00400	173.36800
376.68554	-0.00500	173.37700
376.96356	-0.00300	173.36900
377.22458	-0.00400	173.36400
377.48659	-0.00200	173.36500
377.76461	-0.00100	173.36900
378.02662	-0.00300	173.37500
378.30464	-0.00100	173.36400
378.56465	-0.00300	173.36400
378.82467	-0.00300	173.36900
379.08568	-0.00200	173.37300
379.36270	-0.00500	173.36700
379.62671	-0.00400	173.36300
379.90473	-0.00200	173.36700
380.16674	-0.00400	173.37100
380.44476	-0.00200	173.37400
380.70678	-0.00300	173.36400
380.98479	-0.00400	173.36400
381.24681	-0.00500	173.36800
381.52482	-0.00300	173.37200
381.78684	-0.00500	173.36700
382.06485	-0.00400	173.36300
382.32487	-0.00200	173.36300
382.58688	-0.00500	173.36700
382.86690	-0.00500	173.37000
383.14491	-0.00400	173.36900
383.40693	-0.00200	173.36900
383.68495	-0.00500	173.37200
383.94496	-0.00300	173.37600
384.20698	-0.00100	173.36500
384.48699	-0.00200	173.36200
384.76701	-0.00400	173.36700
385.04702	-0.00500	173.36900
385.32404	-0.00200	173.36400
385.58705	0.00000	173.36000
385.86707	-0.00100	173.36300
386.14509	-0.00200	173.36700
386.40510	-0.00400	173.37100
386.66712	-0.00500	173.36600
386.94513	-0.00200	173.36600
387.20515	-0.00200	173.35800
387.46616	0.00000	173.36800
387.74318	-0.00200	173.36300
388.00519	-0.00400	173.36000
388.26621	-0.00300	173.36100
388.54322	-0.00400	173.36100
388.80524	-0.00500	173.36700
389.06625	-0.00500	173.36800
389.34527	-0.00400	173.36200
389.60528	0.00000	173.36200
389.86630	-0.00500	173.36600
390.14532	-0.00400	173.36400
390.40533	0.00000	173.36000
390.66635	-0.00300	173.36100
390.94536	-0.00400	173.36300
391.20538	-0.00400	173.36400
391.48239	-0.00200	173.36600
391.74641	-0.00400	173.36000
392.02542	-0.00400	173.36400
392.30244	-0.00400	173.37000
392.56545	-0.00200	173.36600
392.84247	-0.00600	173.36300
393.10648	-0.00300	173.36000
393.38650	-0.00200	173.36700
393.66652	-0.00400	173.36700
393.94653	-0.00400	173.36300
394.22555	-0.00400	173.35800
394.50356	-0.00200	173.36300
394.76658	-0.00300	173.36500
395.04660	-0.00100	173.36500
395.32661	-0.00400	173.36300
395.60663	-0.00200	173.36200
395.88664	-0.00600	173.37200
396.16666	-0.00500	173.36400
396.44668	-0.00400	173.35800
396.72669	-0.00300	173.36000
397.00671	-0.00500	173.36500
397.28672	-0.00400	173.36500
397.56674	-0.00200	173.36000
397.84676	-0.00500	173.36800
398.12677	-0.00200	173.37100
398.40679	-0.00600	173.36600
398.68680	-0.00200	173.36200
398.96682	-0.00400	173.36000
399.24684	-0.00200	173.35900
399.52685	-0.00300	173.36700
399.80687	-0.00100	173.36000
400.08688	0.00000	173.35700
400.36690	-0.00100	173.36000
400.64692	-0.00400	173.36600
400.92693	-0.00200	173.36000
401.20695	-0.00400	173.36100
401.48696	-0.00100	173.36000
401.76598	-0.00100	173.36200
402.04300	-0.00500	173.36100
402.30601	-0.00500	173.36100
402.58303	-0.00100	173.35500
402.84604	-0.00300	173.36200
403.12306	-0.00200	173.36300
403.38607	-0.00400	173.36100
403.66409	-0.00500	173.35900
403.92610	-0.00100	173.35800
404.20412	0.00000	173.36400
404.46413	-0.00400	173.36700
404.72615	-0.00200	173.35900
405.00417	-0.00300	173.35700
405.26418	0.00100	173.35800
405.52619	-0.00500	173.37000
405.80421	-0.00200	173.36400
406.06423	-0.00300	173.35600
406.32424	-0.00400	173.35500
406.58426	-0.00300	173.36200
406.84427	-0.00300	173.36500
407.10428	-0.00400	173.35700
407.36430	-0.00300	173.35600
407.62431	-0.00500	173.35800
407.88433	-0.00500	173.36600
408.14434	-0.00200	173.35800
408.40436	-0.00300	173.35800
408.66637	-0.00500	173.35900
408.94439	-0.00400	173.36200
409.20440	-0.00400	173.36700
409.46442	-0.00200	173.35700
409.72443	-0.00300	173.35600
409.98445	-0.00400	173.36200
410.24446	-0.00500	173.36000
410.50448	-0.00200	173.36300
410.76449	0.00100	173.36100
411.02451	-0.00500	173.35900
411.28452	-0.00200	173.36200
411.54454	-0.00500	173.36200
411.80455	-0.00300	173.36200
412.06457	-0.00100	173.35300
412.32458	-0.00100	173.35500
412.58660	-0.00500	173.36000
412.86661	-0.00300	173.36400
413.14463	-0.00200	173.35500
413.40465	-0.00200	173.35900
413.66466	-0.00100	173.35600
413.92468	-0.00400	173.36400
414.18469	-0.00400	173.36200
414.44471	-0.00400	173.35300
414.70472	-0.00400	173.35400
414.96473	-0.00100	173.36000
415.22675	-0.00300	173.36200
415.50477	-0.00500	173.35700
415.76678	-0.00200	173.35500
416.04480	-0.00400	173.36000
416.30381	-0.00300	173.36100
416.56683	-0.00200	173.36100
416.84684	-0.00300	173.35500
417.12386	0.00000	173.36000
417.38687	-0.00300	173.36200
417.66489	-0.00400	173.35800
417.92390	-0.00200	173.35400
418.18492	-0.00100	173.35200
418.44493	-0.00400	173.36300
418.70395	-0.00200	173.36200
418.96396	-0.00200	173.35800
419.22598	-0.00400	173.35300
419.50399	-0.00500	173.35500
419.76401	-0.00300	173.35900
420.02502	-0.00100	173.36200
420.28304	-0.00300	173.35800
420.54505	-0.00400	173.35000
420.80407	-0.00400	173.35500
421.06408	-0.00200	173.35900
421.32610	-0.00400	173.35800
421.60411	-0.00200	173.35500
421.86413	-0.00100	173.35300
422.12414	-0.00100	173.35900
422.38416	-0.00500	173.36400
422.64417	-0.00300	173.35500
422.90419	-0.00300	173.35300
423.16420	-0.00300	173.35900
423.42422	-0.00300	173.35600
423.68423	-0.00300	173.36100
423.94425	-0.00200	173.35500
424.20426	-0.00300	173.35400
424.46428	-0.00200	173.35400
424.72429	-0.00500	173.36500
424.98431	-0.00400	173.35400
425.24432	-0.00300	173.35700
425.50434	-0.00400	173.35300
425.76435	0.00000	173.36300
426.02437	-0.00400	173.36300
426.28438	-0.00100	173.35200
426.54440	-0.00200	173.35500
426.80441	-0.00200	173.35500
427.06443	-0.00400	173.35700
427.32444	-0.00500	173.35900
427.58446	-0.00200	173.35300
427.84447	-0.00300	173.35300
428.10449	-0.00200	173.35500
428.36450	-0.00400	173.36600
428.62452	-0.00300	173.35700
428.88453	-0.00100	173.35100
429.14455	-0.00500	173.35500
429.40456	-0.00400	173.35700
429.66458	-0.00200	173.36100
429.92459	-0.00300	173.35200
430.18461	-0.00400	173.34800
430.44462	-0.00400	173.35900
430.70463	-0.00300	173.36100
430.96465	-0.00200	173.35900
431.22467	-0.00400	173.35400
431.48468	-0.00400	173.35500
431.74469	-0.00300	173.35800
432.00471	-0.00500	173.36000
432.26472	-0.00400	173.35400
432.52474	-0.00300	173.34800
432.78475	-0.00300	173.35200
433.04477	-0.00100	173.35600
433.30478	-0.00200	173.35700
433.56480	-0.00500	173.35000
433.82381	-0.00300	173.35200
434.08383	-0.00500	173.35600
434.34384	-0.00400	173.35800
434.60386	-0.00500	173.36100
434.86587	-0.00500	173.35500
435.14389	-0.00300	173.35100
435.40390	-0.00100	173.35300
435.66392	-0.00400	173.35700
435.92393	-0.00500	173.35400
436.18395	-0.00500	173.35200
436.44596	-0.00500	173.35600
436.72398	-0.00200	173.36200
436.98599	-0.00300	173.35600
437.26601	-0.00400	173.35100
437.54603	-0.00300	173.35400
437.82604	-0.00400	173.35800
438.10406	-0.00300	173.35500
438.36407	-0.00500	173.35200
438.62609	-0.00200	173.35000
438.90410	-0.00400	173.35300
439.16412	-0.00300	173.35900
439.42613	-0.00300	173.35600
439.70415	-0.00100	173.35200
439.96616	-0.00100	173.35400
440.24618	-0.00300	173.35700
440.52420	-0.00200	173.35400
440.78421	-0.00200	173.35300
441.04623	-0.00200	173.34900
441.32424	-0.00200	173.35500
441.58626	-0.00500	173.35800
441.86627	-0.00100	173.35600
442.14529	-0.00100	173.35000
442.42231	-0.00400	173.35300
442.68532	-0.00200	173.35900
442.96234	-0.00500	173.35700
443.22435	-0.00500	173.35400
443.48537	-0.00500	173.35200
443.76238	-0.00300	173.35400
444.02540	-0.00200	173.35400
444.30241	-0.00400	173.34800
444.56443	-0.00400	173.34500
444.82544	0.00000	173.35100
445.10246	-0.00200	173.35400
445.36447	-0.00200	173.35200
445.62549	-0.00200	173.35000
445.90550	-0.00400	173.35200
446.18552	-0.00100	173.35100
446.46554	-0.00500	173.35700
446.74555	-0.00400	173.35300
447.02557	-0.00300	173.35000
447.30458	-0.00400	173.35000
447.56560	-0.00300	173.35300
447.84562	-0.00400	173.35300
448.12563	-0.00400	173.34700
448.40565	-0.00500	173.35100
448.68566	-0.00400	173.35100
448.96568	-0.00500	173.35100
449.24570	-0.00300	173.34400
449.52371	-0.00100	173.34800
449.78373	-0.00500	173.35200
450.04374	-0.00300	173.35300
450.30476	-0.00400	173.34800
450.56577	-0.00200	173.34700
450.84579	-0.00300	173.35200
451.12580	-0.00400	173.35700
451.40582	-0.00400	173.35400
451.68383	-0.00300	173.34800
451.94585	-0.00200	173.35400
452.22387	-0.00400	173.35200
452.48388	-0.00300	173.35200
452.74390	-0.00200	173.34500
453.00391	-0.00100	173.34600
453.26393	-0.00300	173.34900
453.52594	-0.00300	173.35700
453.80396	-0.00400	173.35200
454.06397	-0.00400	173.34900
454.32399	-0.00300	173.34900
454.58400	-0.00100	173.35700
454.84402	-0.00300	173.35400
455.10603	-0.00200	173.34800
455.38405	-0.00400	173.34700
455.64406	-0.00400	173.34900
455.90408	-0.00500	173.35800
456.16409	-0.00400	173.35500
456.42411	-0.00500	173.35200
456.68612	-0.00600	173.34700
456.96414	-0.00100	173.35400
457.22315	-0.00200	173.35300
457.48317	-0.00300	173.34700
457.74318	-0.00500	173.34700
458.00320	-0.00300	173.34900
458.26321	-0.00300	173.35000
458.52423	-0.00200	173.34900
458.78324	-0.00200	173.35200
459.04426	-0.00300	173.34700
459.30427	-0.00400	173.35000
459.56329	-0.00200	173.35600
459.82330	-0.00100	173.34900
460.08332	-0.00100	173.34500
460.34333	0.00000	173.35000
460.60334	-0.00300	173.35000
460.86336	-0.00100	173.35300
461.12337	-0.00300	173.35200
461.38339	-0.00500	173.35000
461.64340	-0.00200	173.35500
461.90342	-0.00300	173.35500
462.16343	-0.00500	173.34800
462.42345	-0.00400	173.34400
462.68346	-0.00400	173.35100
462.94348	-0.00300	173.35300
463.20349	-0.00500	173.35100
463.46351	-0.00200	173.35000
463.72352	-0.00500	173.35200
463.98354	-0.00300	173.34800
464.24355	-0.00200	173.35500
464.50357	-0.00300	173.35300
464.76558	-0.00300	173.34700
465.04360	-0.00400	173.35000
465.30561	-0.00300	173.35300
465.58363	-0.00300	173.34900
465.84564	-0.00500	173.35000
466.12366	-0.00400	173.34600
466.38368	-0.00300	173.34600
466.64569	-0.00200	173.35600
466.92371	-0.00200	173.35200
467.18372	-0.00500	173.35100
467.44574	-0.00500	173.35000
467.72375	-0.00300	173.35400
467.98577	-0.00300	173.35400
468.26578	-0.00100	173.34500
468.54380	-0.00100	173.34100
468.80381	-0.00200	173.35000
469.06583	-0.00300	173.35400
469.34384	-0.00400	173.35500
469.60586	-0.00400	173.35000
469.88588	-0.00200	173.34800
470.16389	-0.00100	173.35300
470.42391	-0.00400	173.35100
470.68592	-0.00300	173.34700
470.96594	-0.00300	173.34800
471.24395	-0.00200	173.34700
471.50397	-0.00300	173.34800
471.76498	-0.00300	173.35100
472.02500	-0.00400	173.34300
472.30401	0.00000	173.34200
472.56503	-0.00300	173.34700
472.84405	-0.00100	173.35200
473.10506	0.00000	173.34800
473.38308	-0.00300	173.34800
473.64309	-0.00300	173.34600
473.90311	-0.00500	173.35500
474.16512	-0.00300	173.34400
474.44514	-0.00500	173.34400
474.72315	-0.00300	173.34800
474.98517	-0.00200	173.34600
475.26318	-0.00100	173.35000
475.52320	-0.00300	173.34700
475.78521	-0.00200	173.34800
476.06523	-0.00200	173.34900
476.34325	-0.00300	173.35600
476.60526	-0.00400	173.35300
476.88328	-0.00500	173.34500
477.14329	-0.00500	173.34900
477.40531	-0.00100	173.35100
477.68332	-0.00400	173.34700
477.94334	-0.00500	173.34600
478.20535	-0.00500	173.34400
478.48537	-0.00400	173.35000
478.76338	-0.00300	173.34900
479.02340	-0.00400	173.34900
479.28541	-0.00100	173.34500
479.56343	-0.00300	173.34500
479.82344	-0.00500	173.35000
480.08346	-0.00500	173.34900
480.34547	-0.00200	173.34700
480.62349	-0.00500	173.34500
480.88550	-0.00300	173.34800
481.16352	-0.00500	173.34800
481.42554	-0.00200	173.34600
481.70355	-0.00300	173.34300
481.96357	-0.00400	173.34400
482.22358	-0.00200	173.34800
482.48560	-0.00300	173.34900
482.76361	-0.00300	173.34400
483.02363	-0.00300	173.34200
483.28564	-0.00400	173.34800
483.56366	-0.00400	173.35300
483.82367	-0.00100	173.34700
484.08369	-0.00300	173.34000
484.34370	-0.00100	173.34600
484.60372	0.00100	173.35000
484.86373	-0.00400	173.35000
485.12375	-0.00400	173.34800
485.38576	-0.00200	173.34100
485.66578	-0.00300	173.34800
485.94379	-0.00100	173.35600
486.20381	-0.00200	173.34400
486.46382	-0.00300	173.34300
486.72284	-0.00100	173.34700
486.98285	-0.00500	173.35100
487.24287	0.00100	173.35400
487.50288	-0.00300	173.34200
487.76490	-0.00300	173.34300
488.04291	-0.00400	173.34800
488.30493	-0.00300	173.35200
488.58294	-0.00300	173.34800
488.84496	-0.00300	173.34600
489.12498	-0.00500	173.34600
489.40499	-0.00200	173.34800
489.68501	0.00300	173.34900
489.96502	-0.00300	173.34100
490.24404	-0.00500	173.34500
490.50506	-0.00300	173.34800
490.78507	0.00000	173.35400
491.06509	-0.00300	173.34300
491.34510	-0.00400	173.34700
491.62512	-0.00300	173.34900
491.90514	-0.00500	173.35400
492.18515	-0.00200	173.34600
492.46517	-0.00100	173.34400
492.74518	-0.00200	173.34600
493.02520	-0.00300	173.35100
493.30322	-0.00300	173.35100
493.56523	-0.00300	173.34400
493.84525	-0.00400	173.34700
494.12526	-0.00400	173.35200
494.40528	-0.00500	173.35400
494.68529	-0.00500	173.34500
494.96531	0.00000	173.34600
495.24533	-0.00200	173.34900
495.52334	-0.00100	173.34600
495.78336	-0.00300	173.34800
496.04537	-0.00400	173.34500
496.32539	-0.00300	173.34600
496.60340	-0.00400	173.35000
496.86542	-0.00400	173.34700
497.14544	-0.00100	173.34700
497.42545	-0.00300	173.34200
497.70547	-0.00500	173.34700
497.98348	-0.00300	173.34900
498.24450	0.00000	173.34900
498.50351	-0.00100	173.34400
498.76453	-0.00100	173.34500
499.02454	-0.00300	173.35100
499.28456	0.00000	173.34400
499.54357	-0.00200	173.34600
499.80359	-0.00500	173.34400
500.06460	-0.00500	173.34800
500.34262	-0.00300	173.35300
500.60363	-0.00500	173.34800
500.86265	-0.00400	173.34100
501.12466	-0.00200	173.34300
501.40268	-0.00400	173.34600
501.66469	-0.00300	173.35100
501.94271	-0.00500	173.34200
502.20272	-0.00300	173.33900
502.46274	-0.00300	173.34300
502.72275	-0.00300	173.34600
502.98277	-0.00500	173.34900
503.24278	-0.00400	173.34600
503.50280	0.00000	173.34600
503.76281	-0.00400	173.34700
504.02283	-0.00100	173.35200
504.28284	-0.00300	173.34300
504.54286	-0.00100	173.34100
504.80287	-0.00300	173.34700
505.06289	-0.00500	173.35100
505.32290	-0.00300	173.34800
505.58492	-0.00400	173.34800
505.86293	-0.00400	173.34500
506.12295	-0.00300	173.34800
506.38296	-0.00700	173.35100
506.64298	-0.00200	173.34900
506.90499	-0.00500	173.34600
507.18301	-0.00400	173.34200
507.44302	-0.00300	173.34900
507.70204	-0.00200	173.34800
507.96505	-0.00400	173.34300
508.24507	-0.00500	173.34200
508.52509	-0.00400	173.34400
508.80310	-0.00200	173.35300
509.06312	-0.00400	173.34400
509.32313	-0.00200	173.34600
509.58315	-0.00400	173.34500
509.84316	-0.00400	173.35100
510.10318	0.00000	173.34900
510.36519	-0.00200	173.34200
510.64321	-0.00200	173.34500
510.90322	-0.00200	173.34600
511.16524	-0.00200	173.34800
511.44325	-0.00500	173.34800
511.70527	-0.00300	173.34300
511.98328	-0.00300	173.34400
512.24330	-0.00300	173.34700
512.50331	-0.00400	173.34600
512.76333	-0.00100	173.34900
513.02334	-0.00200	173.34100
513.28336	-0.00200	173.34600
513.54337	-0.00300	173.34900
513.80239	-0.00300	173.34800
514.06240	-0.00400	173.34100
514.32242	-0.00400	173.34300
514.58243	-0.00200	173.34800
514.84245	-0.00100	173.35100
515.10246	-0.00200	173.34500
515.36248	-0.00300	173.34300
515.62249	-0.00300	173.34700
515.88251	-0.00300	173.35400
516.14252	-0.00400	173.34800
516.40254	-0.00500	173.34900
516.66255	-0.00200	173.34500
516.92257	-0.00200	173.34700
517.18258	-0.00300	173.35100
517.44360	-0.00500	173.34100
517.70261	-0.00400	173.34100
517.96263	-0.00300	173.34500
518.22264	-0.00500	173.34700
518.48266	-0.00100	173.35100
518.74267	-0.00400	173.34400
519.00269	-0.00400	173.34400
519.26270	-0.00200	173.34700
519.52271	-0.00300	173.34900
519.78273	-0.00300	173.34800
520.04275	0.00000	173.34600
520.30276	-0.00300	173.34200
520.56277	-0.00500	173.34900
520.82279	-0.00400	173.34900
521.08280	-0.00300	173.34600
521.34282	0.00000	173.33800
521.60283	-0.00400	173.34600
521.86285	-0.00200	173.34800
522.12286	-0.00200	173.34500
522.38288	-0.00500	173.34200
522.64289	-0.00400	173.34400
522.90291	-0.00500	173.34500
523.16292	-0.00200	173.34900
523.42294	-0.00400	173.34700
523.68295	-0.00200	173.34500
523.94297	-0.00300	173.34100
524.20298	-0.00400	173.34700
524.46300	-0.00400	173.35200
524.72301	-0.00300	173.34900
524.98303	-0.00100	173.34300
525.24304	-0.00400	173.34800
525.50306	-0.00200	173.34800
525.76307	-0.00300	173.34900
526.02309	-0.00400	173.34300
526.28310	-0.00500	173.34100
526.54312	-0.00200	173.35000
526.80113	-0.00500	173.34800
527.06315	-0.00100	173.34600
527.32316	0.00500	173.34100
527.58218	-0.00100	173.34500
527.84319	-0.00300	173.34800
528.10321	-0.00100	173.34900
528.36322	-0.00500	173.34600
528.62324	-0.00400	173.34100
528.88325	-0.00500	173.34700
529.14326	-0.00500	173.34600
529.40328	-0.00300	173.34800
529.66230	-0.00500	173.34100
529.92431	-0.00500	173.34100
530.20233	-0.00500	173.34600
530.46334	-0.00300	173.35200
530.72236	0.00000	173.34200
530.98237	-0.00400	173.34600
531.24238	-0.00100	173.34400
531.50240	-0.00200	173.35200
531.76142	-0.00100	173.34500
532.02243	-0.00500	173.34300
532.28244	-0.00200	173.34100
532.54246	-0.00300	173.35100
532.80247	-0.00300	173.34700
533.06249	-0.00400	173.34800
533.32250	-0.00400	173.34500
533.58252	-0.00200	173.34600
533.84253	-0.00100	173.34800
534.10255	-0.00100	173.34900
534.36256	-0.00400	173.34600
534.62258	-0.00400	173.34400
534.88259	-0.00300	173.35000
535.14261	-0.00400	173.35200
535.40262	-0.00300	173.34400
535.66264	-0.00200	173.34300
535.92265	-0.00400	173.34400
536.18267	-0.00400	173.34900
536.44268	-0.00300	173.35300
536.70270	-0.00500	173.34600
536.96271	-0.00200	173.34600
537.22273	-0.00300	173.34900
537.48474	-0.00400	173.34700
537.76476	-0.00500	173.35200
538.04277	-0.00300	173.34500
538.30279	-0.00500	173.34400
538.56280	0.00000	173.34700
538.82282	-0.00400	173.34600
539.08283	-0.00400	173.34800
539.34385	-0.00200	173.34600
539.60286	-0.00300	173.34800
539.86488	-0.00300	173.35400
540.14389	-0.00500	173.34800
540.40491	-0.00200	173.34600
540.68292	-0.00500	173.34600
540.94494	0.00000	173.34800
541.22496	-0.00200	173.35300
541.50297	-0.00200	173.34500
541.76399	-0.00500	173.34500
542.02300	-0.00300	173.34400
542.29402	-0.00200	173.35500
542.57403	-0.00300	173.34300
542.85405	-0.00400	173.34300
543.13407	-0.00300	173.34500
543.41408	-0.00400	173.35000
543.69410	-0.00400	173.35000
543.97311	-0.00200	173.34600
544.24313	-0.00300	173.34600
544.51314	-0.00500	173.34600
544.78316	-0.00300	173.34800
545.05418	-0.00200	173.34700
545.33419	-0.00300	173.34300
545.61421	-0.00200	173.34700
545.89422	-0.00500	173.35400
546.17424	-0.00500	173.34600
546.45426	-0.00400	173.34500
546.73427	-0.00300	173.34700
547.01329	-0.00400	173.34800
547.28330	-0.00500	173.34900
547.55432	-0.00200	173.34400
547.83433	-0.00400	173.34500
548.11435	-0.00200	173.34800
548.39437	-0.00400	173.35400
548.67438	-0.00300	173.34700
548.95440	-0.00100	173.34500
549.23441	-0.00400	173.35200
549.51443	-0.00200	173.35000
549.79445	-0.00300	173.34800
550.07446	-0.00300	173.34500
550.35448	-0.00400	173.34700
550.63449	-0.00400	173.35300
550.91451	-0.00100	173.34700
551.19453	-0.00200	173.34400
551.47454	-0.00300	173.34400
551.75456	-0.00200	173.35200
552.03457	-0.00200	173.35200
552.31459	-0.00100	173.34900
552.59461	-0.00300	173.33900
552.87462	-0.00400	173.34600
553.15364	-0.00300	173.35000
553.42265	-0.00200	173.34700
553.69467	-0.00200	173.34600
553.97469	-0.00100	173.34900
554.25470	-0.00200	173.34900
554.53472	-0.00500	173.35300
554.81373	-0.00300	173.34800
555.09375	-0.00500	173.34700
555.36276	-0.00100	173.34600
555.62278	-0.00300	173.35500
555.88379	0.00200	173.34500
556.16381	-0.00500	173.34300
556.44383	-0.00600	173.34900
556.72384	-0.00200	173.35400
557.00386	-0.00400	173.34900
557.28387	-0.00200	173.34400
557.56389	-0.00400	173.35000
557.84391	-0.00300	173.35400
558.12292	-0.00400	173.35300
558.38394	-0.00200	173.34200
558.66395	-0.00300	173.34600
558.94397	-0.00300	173.34900
559.22399	-0.00100	173.34900
559.50400	-0.00400	173.34500
559.78402	-0.00500	173.34600
560.06403	-0.00200	173.34900
560.34405	-0.00400	173.35300
560.62407	-0.00300	173.35100
560.90408	-0.00500	173.35000
561.18410	-0.00200	173.34900
561.46411	-0.00400	173.35000
561.74413	-0.00300	173.35000
562.02415	-0.00200	173.34200
562.30416	-0.00200	173.34600
562.58418	-0.00100	173.34900
562.86419	-0.00300	173.35000
563.14421	-0.00100	173.34500
563.42423	-0.00500	173.34700
563.70424	-0.00400	173.34900
563.98426	-0.00100	173.35200
564.26427	0.00100	173.34900
564.54429	-0.00500	173.34500
564.82431	-0.00200	173.34900
565.10432	-0.00200	173.34900
565.38434	-0.00500	173.34600
565.66435	-0.00100	173.34400
565.94437	-0.00400	173.34800
566.22439	0.00100	173.35200
566.50440	-0.00400	173.34900
566.78442	-0.00100	173.34900
567.06443	-0.00400	173.34100
567.34445	-0.00300	173.34800
567.62447	-0.00400	173.35500
567.90448	-0.00200	173.34600
568.18450	-0.00100	173.34300
568.46351	-0.00100	173.34800
568.72453	-0.00300	173.35400
569.00354	-0.00200	173.34800
569.26256	-0.00100	173.34400
569.52458	-0.00300	173.34700
569.80359	-0.00100	173.35200
570.08361	-0.00200	173.35100
570.36362	-0.00200	173.34700
570.64364	-0.00300	173.34400
570.92366	-0.00300	173.34900
571.20467	-0.00200	173.35100
571.48369	0.00000	173.34700
571.76370	-0.00300	173.34600
572.04372	-0.00100	173.34800
572.32374	-0.00300	173.35500
572.60375	-0.00400	173.34700
572.88377	-0.00300	173.34600
573.16378	-0.00300	173.34600
573.44380	-0.00300	173.35200
573.72382	-0.00500	173.35100
574.00383	-0.00500	173.35200
574.28385	-0.00400	173.34900
574.56386	-0.00200	173.34800
574.84388	-0.00300	173.35200
575.12390	-0.00200	173.35000
575.40391	-0.00700	173.34600
575.68393	-0.00300	173.35800
575.96394	-0.00400	173.35500
576.24396	-0.00500	173.35100
576.52398	-0.00400	173.34700
576.80399	-0.00300	173.34700
577.08401	-0.00100	173.35300
577.36402	-0.00300	173.35000
577.64304	-0.00400	173.34800
577.90205	-0.00200	173.34800
578.16407	0.00000	173.35000
578.44409	0.00200	173.35300
578.72410	-0.00100	173.34700
579.00412	-0.00200	173.34700
579.28413	-0.00300	173.35100
579.56415	-0.00100	173.35600
579.84416	-0.00400	173.35200
580.12418	-0.00300	173.34300
580.40420	-0.00200	173.34700
580.68421	-0.00200	173.35000
580.96423	-0.00300	173.35300
581.24425	0.00000	173.34600
581.52426	-0.00400	173.35200
581.80328	-0.00300	173.35400
582.06229	-0.00300	173.35100
582.32431	-0.00500	173.35000
582.60332	-0.00500	173.35000
582.86234	-0.00100	173.35000
583.13335	-0.00300	173.35600
583.41337	-0.00200	173.35100
583.69339	0.00200	173.34600
583.97340	-0.00100	173.34900
584.25342	-0.00300	173.35000
584.53343	-0.00200	173.35200
584.81345	-0.00300	173.34900
585.09347	-0.00500	173.34600
585.37348	-0.00200	173.35000
585.65350	-0.00500	173.34800
585.93351	-0.00400	173.34800
586.21353	-0.00300	173.34600
586.49355	-0.00500	173.34900
586.77356	-0.00200	173.35300
587.05358	0.00000	173.34900
587.33359	-0.00300	173.34400
587.61361	-0.00500	173.35100
587.89363	-0.00200	173.36200
588.17364	0.00000	173.35300
588.45366	-0.00500	173.34400
588.73367	-0.00500	173.34400
589.01369	-0.00200	173.35400
589.29371	-0.00100	173.35700
589.57372	-0.00300	173.34800
589.85374	-0.00400	173.34900
590.13375	-0.00200	173.35400
590.41377	-0.00500	173.35400
590.69379	-0.00500	173.34900
590.97380	-0.00400	173.34600
591.25382	-0.00500	173.34800
591.53383	-0.00300	173.35800
591.81385	-0.00500	173.34800
592.09387	-0.00200	173.34800
592.37388	-0.00100	173.35300
592.65390	-0.00500	173.35400
592.93391	-0.00500	173.35500
593.21393	-0.00300	173.35000
593.49395	-0.00100	173.35000
593.77296	-0.00500	173.35800
594.04298	-0.00100	173.35500
594.31299	-0.00100	173.34800
594.58301	-0.00500	173.35000
594.85302	-0.00400	173.35000
595.12204	-0.00200	173.35900
595.39405	-0.00500	173.34800
595.67307	-0.00400	173.35100
595.94309	-0.00500	173.34900
596.21410	-0.00300	173.35700
596.49412	-0.00300	173.35400
596.77413	-0.00200	173.34900
597.05315	0.00100	173.34900
597.33317	-0.00500	173.35600
597.61318	-0.00100	173.35600
597.89320	0.00100	173.35300
598.17321	-0.00400	173.34600
598.45323	-0.00400	173.35000
598.73325	-0.00600	173.35500
599.01326	-0.00200	173.35300
599.29328	-0.00200	173.34800
599.57329	0.00000	173.35200
599.85331	-0.00300	173.35900
600.13333	-0.00400	173.35800
