I [mA]	0.100000
H [kOe]	20.108000
Time [s]	V_xx [mV]	V_xy [mV]
0.00000	173.81700	-0.00300
0.27802	173.81000	-0.00500
0.54503	173.80700	0.00200
0.81805	173.81200	0.00000
1.30907	173.81200	-0.00500
1.58909	173.80700	0.00000
1.85611	173.81200	-0.00100
2.13112	173.81400	-0.00100
2.39614	173.81800	-0.00600
2.67115	173.81300	-0.00300
2.93617	173.80800	-0.00100
3.21118	173.81200	0.00100
3.47620	173.81800	0.00100
3.75121	173.81300	-0.00100
4.01623	173.80600	-0.00400
4.28925	173.80900	0.00000
4.55626	173.81300	0.00000
4.82928	173.81600	-0.00200
5.09629	173.80900	0.00000
5.37131	173.80400	-0.00400
5.63632	173.81000	-0.00300
5.91134	173.81300	0.00000
6.17635	173.81200	0.00000
6.45037	173.80700	-0.00100
6.71638	173.80600	-0.00400
6.99140	173.81200	-0.00100
7.25641	173.81400	0.00100
7.52943	173.80900	-0.00200
7.79645	173.80600	-0.00400
8.06946	173.81000	-0.00100
8.33648	173.81000	0.00200
8.60949	173.80900	0.00000
8.87651	173.80500	-0.00500
9.15152	173.80700	-0.00300
9.41654	173.80900	-0.00500
9.68955	173.81000	0.00000
9.95657	173.80400	-0.00500
10.22958	173.80000	-0.00500
10.49660	173.80700	-0.00300
10.76962	173.80600	-0.00200
11.03663	173.80200	-0.00100
11.31065	173.80100	-0.00400
11.57666	173.80800	-0.00200
11.84968	173.81000	-0.00200
12.11669	173.80700	-0.00200
12.38971	173.80200	-0.00300
12.65672	173.80300	-0.00200
12.93074	173.80800	-0.00300
13.19575	173.80800	-0.00300
13.46977	173.80200	-0.00400
13.73579	173.80500	-0.00600
14.01080	173.80300	0.00000
14.27582	173.81100	-0.00400
14.55083	173.80500	-0.00200
14.81585	173.80400	-0.00300
15.08986	173.80400	-0.00200
15.35588	173.80800	-0.00400
15.62989	173.81000	-0.00300
15.89591	173.80600	-0.00400
16.17092	173.80300	-0.00300
16.43594	173.80500	-0.00200
16.70996	173.80900	-0.00700
16.97597	173.80900	-0.00300
17.24999	173.80600	-0.00400
17.51600	173.80800	-0.00200
17.78902	173.81000	-0.00100
18.05603	173.80800	-0.00600
18.32905	173.80500	-0.00400
18.59606	173.80000	0.00000
18.87108	173.80700	-0.00200
19.13609	173.80500	-0.00200
19.41111	173.80800	-0.00200
19.67613	173.80700	0.00000
19.94914	173.80400	-0.00100
20.21616	173.81000	0.00000
20.48917	173.81300	-0.00400
20.75619	173.80600	-0.00400
21.03120	173.80300	-0.00400
21.29622	173.80800	-0.00400
21.56923	173.81400	-0.00300
21.83625	173.80700	-0.00100
22.10926	173.80200	-0.00300
22.37628	173.80600	-0.00300
22.65130	173.80900	-0.00200
22.91631	173.81100	0.00000
23.18933	173.80300	-0.00300
23.45634	173.80700	-0.00100
23.72936	173.81100	-0.00400
23.99637	173.81200	-0.00100
24.27139	173.80800	-0.00300
24.53640	173.80400	-0.00300
24.80942	173.80700	-0.00300
25.07643	173.81500	-0.00100
25.34945	173.81200	-0.00200
25.61647	173.80400	-0.00100
25.89148	173.80600	-0.00300
26.15650	173.81200	-0.00200
26.42951	173.81300	0.00000
26.69653	173.80900	-0.00300
26.96954	173.80900	0.00000
27.23656	173.80600	-0.00100
27.50957	173.81600	-0.00400
27.77659	173.81100	-0.00300
28.04960	173.81000	-0.00700
28.31662	173.80900	-0.00200
28.58963	173.81700	0.00000
28.85565	173.81400	-0.00300
29.12967	173.81100	-0.00500
29.39568	173.80600	-0.00200
29.66970	173.81200	-0.00100
29.93571	173.82000	-0.00100
30.20973	173.81800	-0.00200
30.47574	173.81000	-0.00300
30.74976	173.81600	-0.00100
31.01577	173.81500	-0.00300
31.28979	173.81700	-0.00400
31.55580	173.81200	-0.00300
31.82982	173.81300	0.00000
32.09584	173.81500	-0.00200
32.36985	173.82000	-0.00200
32.63587	173.81600	-0.00200
32.90888	173.81100	-0.00500
33.17590	173.81400	0.00000
33.44891	173.82100	-0.00100
33.71593	173.82100	-0.00200
33.98894	173.81500	-0.00200
34.25596	173.81400	-0.00200
34.52898	173.81800	-0.00100
34.79599	173.82400	-0.00300
35.06901	173.81600	-0.00300
35.33602	173.82000	-0.00400
35.60904	173.82000	-0.00100
35.87605	173.82600	-0.00400
36.14907	173.82000	-0.00100
36.41608	173.81900	-0.00200
36.68910	173.81400	-0.00400
36.95611	173.82300	-0.00500
37.22913	173.82200	-0.00300
37.49614	173.82300	-0.00400
37.76916	173.82000	-0.00300
38.03617	173.82500	-0.00200
38.30919	173.83000	-0.00200
38.57621	173.82500	-0.00200
38.84922	173.82100	-0.00400
39.11624	173.82100	-0.00200
39.38925	173.82200	-0.00600
39.65627	173.82300	-0.00200
39.92928	173.82000	-0.00300
40.19630	173.82300	-0.00200
40.46931	173.82800	-0.00300
40.73633	173.82600	0.00000
41.00935	173.82800	-0.00600
41.27636	173.82600	-0.00200
41.54938	173.82900	-0.00300
41.81639	173.83200	-0.00100
42.08941	173.83300	-0.00300
42.35642	173.82700	-0.00300
42.62944	173.82500	-0.00300
42.89545	173.82700	-0.00500
43.16947	173.83200	0.00000
43.43548	173.83100	-0.00400
43.70950	173.82500	-0.00300
43.97551	173.82900	-0.00100
44.24953	173.83300	0.00000
44.51555	173.83300	-0.00600
44.78956	173.82800	0.00100
45.05558	173.82900	0.00000
45.32959	173.83500	-0.00200
45.59561	173.83600	-0.00100
45.86962	173.83200	-0.00300
46.13564	173.83000	-0.00300
46.40965	173.83600	-0.00300
46.67567	173.83800	-0.00300
46.94969	173.83800	-0.00200
47.21570	173.83600	0.00100
47.48972	173.83600	-0.00200
47.75573	173.83700	-0.00200
48.02975	173.84200	-0.00400
48.29576	173.83600	-0.00300
48.56978	173.83200	-0.00300
48.83579	173.83600	0.00100
49.10981	173.84300	-0.00100
49.37582	173.84000	-0.00100
49.64984	173.83800	-0.00100
49.91585	173.83900	-0.00400
50.18887	173.84100	-0.00400
50.45589	173.84300	-0.00400
50.72890	173.84300	-0.00300
50.99592	173.84200	-0.00300
51.26893	173.83800	0.00000
51.53595	173.84600	-0.00300
51.80896	173.84400	0.00200
52.07598	173.83900	-0.00500
52.34899	173.84700	-0.00300
52.61601	173.84800	-0.00200
52.88902	173.84400	0.00000
53.15604	173.84200	-0.00300
53.42806	173.84200	-0.00500
53.69607	173.84600	-0.00200
53.96909	173.85000	-0.00600
54.23510	173.84800	-0.00300
54.50912	173.84600	-0.00300
54.77613	173.84900	-0.00100
55.04915	173.85200	0.00100
55.31616	173.85000	0.00000
55.58918	173.84800	-0.00200
55.85619	173.84600	-0.00200
56.12921	173.85400	-0.00100
56.39623	173.85500	-0.00200
56.66924	173.85000	-0.00400
56.93626	173.84900	-0.00700
57.20927	173.85000	-0.00100
57.47529	173.85700	-0.00300
57.74930	173.85400	-0.00400
58.01532	173.84900	-0.00200
58.28933	173.85300	-0.00100
58.55535	173.85400	-0.00500
58.82936	173.85700	-0.00200
59.09538	173.85000	-0.00100
59.36940	173.85500	-0.00200
59.63541	173.85700	-0.00200
59.90943	173.86200	-0.00400
60.17544	173.85500	-0.00300
60.44946	173.85200	-0.00300
60.71547	173.85400	-0.00100
60.98949	173.85600	-0.00500
61.25550	173.86200	-0.00100
61.52852	173.85500	-0.00400
61.79553	173.85200	-0.00200
62.07055	173.85900	-0.00300
62.33557	173.86400	-0.00100
62.61058	173.85800	-0.00300
62.87560	173.85400	-0.00300
63.14961	173.85600	-0.00100
63.41563	173.86400	-0.00200
63.68864	173.86000	-0.00200
63.95566	173.85500	-0.00500
64.23067	173.85900	-0.00100
64.49569	173.86600	-0.00200
64.76870	173.85800	-0.00200
65.03572	173.86200	-0.00400
65.31074	173.86100	0.00000
65.57575	173.86400	-0.00300
65.85077	173.87000	0.00000
66.11578	173.86400	0.00000
66.39080	173.86000	-0.00200
66.65581	173.86100	-0.00300
66.93083	173.86700	-0.00500
67.19684	173.86700	-0.00200
67.46986	173.86400	-0.00100
67.73587	173.86500	-0.00100
68.00889	173.86300	-0.00100
68.27590	173.87100	-0.00500
68.54992	173.86800	-0.00200
68.81594	173.86600	-0.00400
69.08995	173.86300	-0.00400
69.35497	173.86900	-0.00200
69.62898	173.87200	0.00000
69.89700	173.86600	-0.00600
70.17701	173.86500	-0.00400
70.45603	173.86700	-0.00100
70.72905	173.87800	-0.00400
70.99706	173.87200	-0.00300
71.27608	173.87000	-0.00100
71.55009	173.87500	0.00000
71.81711	173.87200	-0.00500
72.09512	173.87200	-0.00300
72.37014	173.87100	-0.00300
72.63515	173.87300	-0.00200
72.91017	173.87500	-0.00400
73.17519	173.87800	-0.00100
73.45020	173.87500	-0.00300
73.71522	173.86900	-0.00200
73.99023	173.87400	-0.00100
74.25525	173.87700	-0.00400
74.53026	173.87700	-0.00100
74.79528	173.87600	-0.00100
75.07029	173.87700	-0.00100
75.33531	173.87600	-0.00200
75.61032	173.87900	0.00000
75.87534	173.87200	-0.00200
76.15035	173.87500	-0.00100
76.41537	173.87800	-0.00200
76.69039	173.88500	-0.00300
76.95540	173.88000	-0.00400
77.23042	173.87700	-0.00500
77.49543	173.87500	-0.00600
77.77045	173.87900	-0.00200
78.03546	173.88000	-0.00300
78.31048	173.87600	-0.00300
78.57549	173.87700	-0.00200
78.85051	173.88100	-0.00500
79.11552	173.88700	-0.00600
79.39054	173.88100	-0.00300
79.65556	173.87700	-0.00100
79.93057	173.88100	-0.00300
80.19559	173.88600	0.00000
80.47060	173.88600	-0.00300
80.73562	173.88000	-0.00200
81.01063	173.88100	-0.00400
81.27565	173.88400	-0.00300
81.55066	173.89100	-0.00500
81.81568	173.88600	-0.00400
82.09069	173.88200	-0.00400
82.35571	173.88100	-0.00400
82.63073	173.88900	-0.00700
82.89574	173.88600	-0.00300
83.16976	173.88200	-0.00300
83.43577	173.88200	-0.00300
83.70979	173.88600	-0.00500
83.97580	173.88900	-0.00200
84.24982	173.88800	-0.00300
84.51483	173.88400	-0.00400
84.78985	173.88700	-0.00100
85.05586	173.89300	-0.00400
85.32888	173.89200	-0.00400
85.59590	173.88500	0.00100
85.86991	173.88600	-0.00300
86.13693	173.89600	-0.00300
86.41594	173.89400	-0.00300
86.68996	173.89100	-0.00100
86.95497	173.89000	0.00000
87.22999	173.89100	-0.00500
87.49700	173.89400	-0.00300
87.77702	173.89400	-0.00200
88.05704	173.88900	-0.00400
88.33705	173.89100	-0.00600
88.61707	173.89400	-0.00600
88.89708	173.89600	-0.00200
89.17710	173.89100	-0.00500
89.45712	173.88900	-0.00200
89.73713	173.89900	-0.00500
90.01715	173.89500	-0.00400
90.29516	173.89100	-0.00300
90.57018	173.89100	-0.00300
90.83719	173.89500	0.00000
91.11521	173.89700	-0.00300
91.38923	173.89900	-0.00300
91.65724	173.89400	-0.00400
91.93726	173.89500	-0.00100
92.21727	173.90000	-0.00400
92.49729	173.89700	-0.00500
92.77531	173.89700	-0.00200
93.05032	173.89500	-0.00500
93.31734	173.89600	-0.00300
93.59535	173.90200	-0.00600
93.87037	173.89700	-0.00300
94.13538	173.89800	-0.00500
94.41040	173.90300	-0.00700
94.67442	173.90500	-0.00300
94.95043	173.90100	-0.00400
95.21545	173.90200	-0.00100
95.49046	173.90200	-0.00300
95.75448	173.90600	0.00200
96.03049	173.90300	-0.00200
96.29451	173.90000	-0.00500
96.57052	173.89900	0.00000
96.83454	173.90100	0.00000
97.11055	173.90400	-0.00600
97.37457	173.90200	-0.00400
97.64959	173.89900	-0.00300
97.91660	173.90300	-0.00100
98.19462	173.90600	-0.00200
98.46963	173.91100	-0.00200
98.73465	173.90500	-0.00500
99.00966	173.90400	-0.00300
99.27468	173.90600	-0.00300
99.54969	173.90900	-0.00300
99.81471	173.90600	-0.00100
100.08972	173.90300	-0.00500
100.35674	173.90400	-0.00600
100.63476	173.91200	-0.00300
100.90977	173.90500	0.00000
101.17679	173.90400	-0.00100
101.45480	173.90700	-0.00100
101.72982	173.90700	-0.00400
101.99683	173.91300	-0.00100
102.27485	173.90600	0.00100
102.54987	173.90700	-0.00200
102.81688	173.90900	-0.00500
103.09490	173.91300	-0.00300
103.36991	173.91300	-0.00600
103.63693	173.90800	-0.00200
103.91694	173.91300	-0.00300
104.19696	173.91500	-0.00600
104.47698	173.91600	-0.00500
104.75499	173.91000	0.00000
105.03001	173.91000	-0.00200
105.29702	173.91300	-0.00200
105.57504	173.91800	-0.00300
105.85005	173.91300	-0.00300
106.11707	173.90900	-0.00200
106.39709	173.91000	-0.00300
106.67710	173.91600	-0.00200
106.95712	173.91300	-0.00500
107.23513	173.90900	-0.00200
107.51015	173.91500	-0.00200
107.77716	173.91600	0.00100
108.05718	173.91600	0.00000
108.33620	173.91100	-0.00100
108.61021	173.90900	0.00000
108.87523	173.91600	-0.00400
109.15024	173.92100	-0.00300
109.41626	173.91500	-0.00100
109.69027	173.91700	-0.00200
109.95629	173.91800	-0.00100
110.23030	173.91900	-0.00300
110.49632	173.91500	-0.00300
110.77034	173.91400	-0.00100
111.03635	173.91300	-0.00100
111.31437	173.91500	-0.00500
111.59038	173.91900	-0.00300
111.85640	173.91500	-0.00300
112.13641	173.91300	-0.00400
112.41643	173.92000	-0.00500
112.69645	173.92100	-0.00500
112.97546	173.92300	-0.00400
113.25048	173.91700	-0.00300
113.51549	173.91600	-0.00600
113.78951	173.92200	-0.00300
114.05652	173.92300	-0.00300
114.33654	173.91500	-0.00700
114.61656	173.91200	-0.00400
114.89657	173.92300	-0.00500
115.17659	173.92200	-0.00100
115.45560	173.92200	-0.00500
115.72962	173.91900	-0.00300
115.99463	173.92200	-0.00500
116.26965	173.92300	-0.00200
116.53667	173.92900	-0.00300
116.81468	173.92100	-0.00200
117.08970	173.92000	-0.00400
117.35671	173.92600	-0.00100
117.63673	173.92800	-0.00100
117.91674	173.91800	-0.00200
118.19676	173.91600	-0.00400
118.47478	173.92300	-0.00300
118.74979	173.92200	-0.00300
119.01681	173.92300	-0.00100
119.29682	173.92100	-0.00500
119.57684	173.92200	-0.00300
119.85685	173.92700	-0.00300
120.13587	173.92300	-0.00300
120.40989	173.92000	-0.00400
120.67690	173.91700	-0.00500
120.95692	173.92800	-0.00600
121.23693	173.92800	-0.00200
121.51695	173.92000	-0.00100
121.79497	173.92300	-0.00200
122.06998	173.92300	0.00100
122.33500	173.93000	-0.00500
122.61001	173.92600	0.00000
122.87603	173.92300	-0.00100
123.15004	173.92500	-0.00600
123.41706	173.92900	-0.00100
123.69607	173.92900	-0.00400
123.97509	173.92300	0.00000
124.25011	173.92000	-0.00600
124.51612	173.92800	-0.00500
124.79614	173.92700	-0.00500
125.07615	173.92500	-0.00400
125.35617	173.92200	0.00100
125.63619	173.92900	-0.00200
125.91620	173.93100	-0.00100
126.19422	173.92800	-0.00200
126.46923	173.92700	-0.00600
126.73625	173.92700	-0.00500
127.01626	173.93000	-0.00600
127.29628	173.93000	0.00100
127.57630	173.92700	-0.00300
127.85631	173.92600	-0.00300
128.13633	173.93100	-0.00400
128.41634	173.93400	-0.00300
128.69436	173.92900	-0.00500
128.97038	173.92700	0.00100
129.23639	173.93000	-0.00300
129.51641	173.93600	-0.00200
129.79442	173.93000	-0.00200
130.06944	173.92900	-0.00600
130.33445	173.93200	-0.00100
130.60947	173.93700	-0.00100
130.87649	173.93300	-0.00100
131.15450	173.92700	-0.00300
131.42952	173.93000	-0.00200
131.69653	173.93700	-0.00200
131.97455	173.93700	-0.00500
132.24956	173.93100	-0.00400
132.51658	173.93000	-0.00100
132.79660	173.93200	-0.00300
133.07461	173.93400	-0.00200
133.34963	173.93200	-0.00600
133.61664	173.93100	-0.00400
133.89566	173.93000	0.00000
134.16967	173.93600	-0.00400
134.43469	173.93700	-0.00300
134.70970	173.93200	-0.00500
134.97572	173.93400	-0.00200
135.24974	173.93400	-0.00300
135.51575	173.93600	-0.00400
135.78977	173.93400	-0.00200
136.05578	173.93300	-0.00300
136.32980	173.93200	-0.00100
136.59581	173.93600	-0.00200
136.86983	173.93700	0.00000
137.13584	173.93200	-0.00300
137.40986	173.93300	-0.00300
137.67487	173.93300	-0.00500
137.94989	173.93800	-0.00500
138.21591	173.93600	-0.00400
138.49592	173.93400	-0.00300
138.77594	173.93400	-0.00400
139.05595	173.93700	-0.00300
139.33597	173.93900	-0.00400
139.61599	173.93200	-0.00100
139.89600	173.93400	-0.00200
140.17602	173.93600	-0.00500
140.45603	173.93800	0.00000
140.73605	173.93600	-0.00200
141.01607	173.93500	-0.00200
141.29608	173.93900	-0.00300
141.57610	173.94000	-0.00100
141.85611	173.93900	-0.00400
142.13613	173.93400	-0.00400
142.41615	173.93400	-0.00300
142.69616	173.94000	-0.00400
142.97618	173.93800	-0.00400
143.25619	173.93600	-0.00300
143.53621	173.93500	-0.00400
143.81623	173.94100	-0.00700
144.09624	173.93600	-0.00600
144.37626	173.93300	-0.00100
144.65627	173.93100	-0.00300
144.93629	173.93700	-0.00200
145.21631	173.94000	-0.00200
145.49632	173.94000	-0.00400
145.77634	173.93400	-0.00400
146.05635	173.94200	-0.00100
146.33637	173.93900	-0.00100
146.61639	173.94200	-0.00300
146.89640	173.93500	-0.00600
147.17642	173.93600	-0.00600
147.45643	173.94100	-0.00400
147.73645	173.94100	-0.00500
148.01647	173.93700	-0.00200
148.29648	173.93900	-0.00400
148.57550	173.94100	-0.00200
148.84951	173.94300	-0.00400
149.11653	173.93700	-0.00500
149.39554	173.93800	-0.00700
149.66956	173.94100	-0.00400
149.93658	173.94600	-0.00100
150.21559	173.94000	-0.00200
150.48961	173.93700	-0.00300
150.75562	173.93700	-0.00500
151.02964	173.94300	0.00000
151.29565	173.94100	-0.00200
151.57567	173.94000	-0.00200
151.85569	173.94000	-0.00300
152.12970	173.94100	-0.00600
152.39572	173.94700	-0.00500
152.66973	173.94200	-0.00600
152.93575	173.93500	-0.00400
153.21576	173.94200	-0.00300
153.49578	173.94500	-0.00500
153.77579	173.94500	-0.00100
154.05581	173.93600	-0.00200
154.33583	173.93900	0.00000
154.61384	173.94500	-0.00200
154.88986	173.93900	-0.00100
155.15587	173.93800	-0.00100
155.43589	173.93700	-0.00600
155.71591	173.94600	-0.00200
155.99592	173.94200	-0.00700
156.27594	173.94100	-0.00400
156.55595	173.93700	-0.00200
156.83597	173.94000	-0.00100
157.11599	173.94800	-0.00200
157.39600	173.94000	-0.00300
157.67602	173.94000	-0.00100
157.95603	173.93900	-0.00400
158.23605	173.94600	0.00100
158.51607	173.94500	-0.00200
158.79608	173.93800	-0.00500
159.07610	173.94100	-0.00600
159.35611	173.94400	-0.00300
159.63613	173.94500	-0.00100
159.91615	173.93600	-0.00500
160.19616	173.93900	-0.00400
160.47618	173.93900	-0.00400
160.75619	173.94800	-0.00200
161.03621	173.94200	-0.00200
161.31623	173.94100	-0.00500
161.59624	173.94000	-0.00300
161.87626	173.94600	-0.00400
162.15627	173.94500	-0.00500
162.43629	173.93700	-0.00200
162.71531	173.94100	-0.00600
162.98932	173.94600	0.00100
163.25634	173.94300	-0.00400
163.53535	173.94000	0.00100
163.80937	173.94000	-0.00600
164.07638	173.94300	-0.00200
164.35540	173.94900	-0.00500
164.62942	173.94500	-0.00300
164.89543	173.94000	-0.00300
165.16945	173.94300	-0.00300
165.43546	173.94400	-0.00300
165.70948	173.94700	-0.00300
165.97549	173.94000	-0.00500
166.24951	173.93900	-0.00200
166.51552	173.94400	-0.00200
166.79554	173.94600	-0.00100
167.07556	173.94100	-0.00100
167.35557	173.94100	-0.00300
167.63559	173.94400	-0.00500
167.91560	173.94600	-0.00300
168.19562	173.94300	-0.00500
168.47564	173.93800	-0.00200
168.75565	173.94200	-0.00300
169.03567	173.94800	-0.00500
169.31568	173.94700	-0.00400
169.59570	173.94200	0.00000
169.87572	173.94400	-0.00300
170.15573	173.94500	-0.00200
170.43575	173.94600	-0.00400
170.71576	173.94300	-0.00500
170.99578	173.94200	0.00100
171.27580	173.94300	-0.00200
171.55581	173.94400	-0.00200
171.83583	173.94400	-0.00400
172.11584	173.93900	-0.00400
172.39586	173.94100	-0.00300
172.67588	173.94800	0.00000
172.95589	173.94600	-0.00500
173.23591	173.94400	-0.00400
173.51592	173.94600	-0.00400
173.79594	173.94900	-0.00400
174.07596	173.94500	-0.00100
174.35597	173.93700	-0.00500
174.63599	173.94000	-0.00200
174.91600	173.94600	-0.00400
175.19602	173.95000	-0.00400
175.47604	173.94100	-0.00400
175.75605	173.94200	0.00200
176.03607	173.94800	-0.00400
176.31608	173.95000	-0.00300
176.59610	173.94300	-0.00100
176.87612	173.94000	-0.00300
177.15613	173.94300	-0.00300
177.43615	173.94500	-0.00200
177.71616	173.94400	-0.00400
177.99618	173.93900	-0.00400
178.27520	173.94100	-0.00200
178.54921	173.94400	-0.00200
178.81523	173.94200	-0.00300
179.09524	173.94400	-0.00200
179.37526	173.93900	-0.00100
179.65528	173.94600	-0.00100
179.93529	173.94700	-0.00700
180.21531	173.94200	-0.00200
180.49532	173.94100	-0.00600
180.77534	173.94100	-0.00400
181.05536	173.94600	-0.00400
181.33537	173.94000	-0.00300
181.61539	173.94000	-0.00300
181.89540	173.94000	-0.00400
182.17542	173.94600	-0.00400
182.45544	173.94100	-0.00400
182.73545	173.93900	-0.00200
183.01547	173.94100	-0.00100
183.29548	173.94400	-0.00600
183.57550	173.95000	-0.00400
183.85552	173.93600	-0.00600
184.13553	173.93500	-0.00600
184.41555	173.93800	-0.00200
184.69556	173.94800	-0.00200
184.97558	173.94300	-0.00500
185.25560	173.94100	-0.00400
185.53561	173.94100	-0.00500
185.81563	173.94600	-0.00200
186.09564	173.94000	-0.00400
186.37566	173.93800	-0.00100
186.65568	173.93600	-0.00200
186.93569	173.94500	-0.00400
187.21571	173.94600	-0.00600
187.49572	173.93900	-0.00400
187.77574	173.93900	-0.00200
188.05576	173.94300	-0.00400
188.33577	173.94600	-0.00500
188.61579	173.93900	-0.00300
188.89580	173.94000	-0.00400
189.17582	173.94400	-0.00600
189.45584	173.94700	-0.00400
189.73585	173.94400	-0.00400
190.01587	173.94000	-0.00500
190.29588	173.93900	-0.00300
190.57590	173.94000	-0.00200
190.85592	173.94700	-0.00500
191.13593	173.93600	-0.00500
191.41595	173.93900	-0.00300
191.69596	173.94400	-0.00300
191.97498	173.94400	-0.00300
192.24900	173.94200	-0.00700
192.51501	173.93700	-0.00200
192.78903	173.94100	-0.00500
193.05604	173.94400	-0.00100
193.33506	173.94100	-0.00200
193.61607	173.93600	-0.00200
193.89609	173.93700	-0.00100
194.17511	173.94400	-0.00300
194.45512	173.94600	-0.00400
194.73514	173.93500	0.00000
195.01515	173.93800	-0.00300
195.29517	173.93900	-0.00400
195.57519	173.94500	-0.00100
195.85520	173.93600	-0.00400
196.13522	173.93200	-0.00300
196.41523	173.94200	-0.00200
196.69525	173.94500	-0.00500
196.97527	173.94000	-0.00400
197.25528	173.93800	-0.00200
197.53530	173.93700	-0.00100
197.81531	173.94200	-0.00400
198.09533	173.93600	-0.00500
198.37535	173.93500	-0.00300
198.65536	173.93100	-0.00100
198.93538	173.94200	0.00100
199.21539	173.94400	-0.00400
199.49541	173.93700	-0.00400
199.77543	173.93600	-0.00300
200.05544	173.94000	-0.00400
200.33546	173.94400	0.00100
200.61547	173.94000	-0.00200
200.89549	173.93300	-0.00700
201.17551	173.93500	-0.00300
201.45552	173.93700	-0.00600
201.73554	173.93900	-0.00200
202.01555	173.93600	-0.00100
202.29557	173.93700	-0.00400
202.57559	173.94200	0.00000
202.85560	173.93700	-0.00400
203.13562	173.93800	-0.00300
203.41563	173.93900	-0.00400
203.69565	173.93800	-0.00100
203.97567	173.94200	-0.00300
204.25568	173.93300	-0.00300
204.53570	173.93200	-0.00200
204.81571	173.93400	-0.00500
205.09573	173.94000	-0.00300
205.37475	173.93600	-0.00600
205.64876	173.93300	-0.00500
205.91478	173.93400	-0.00400
206.18879	173.94000	-0.00300
206.45581	173.93700	-0.00100
206.73482	173.93500	-0.00300
207.00884	173.93100	-0.00200
207.27486	173.93600	-0.00200
207.55487	173.94000	-0.00200
207.83489	173.93500	-0.00200
208.11490	173.93300	-0.00300
208.39492	173.93300	-0.00100
208.67493	173.93900	-0.00600
208.95495	173.93700	0.00000
209.23497	173.93300	-0.00500
209.51498	173.93500	-0.00200
209.79500	173.93700	-0.00100
210.07502	173.93800	-0.00300
210.35503	173.92900	-0.00600
210.63505	173.92900	-0.00400
210.91506	173.93700	-0.00200
211.19508	173.93800	-0.00400
211.47510	173.93300	-0.00200
211.75511	173.93000	-0.00300
212.03513	173.93500	-0.00200
212.31514	173.93600	-0.00400
212.59516	173.93100	0.00000
212.87518	173.92800	-0.00400
213.15519	173.93400	-0.00400
213.43521	173.93500	-0.00400
213.71522	173.93200	-0.00400
213.99524	173.92700	0.00000
214.27526	173.92600	-0.00800
214.55527	173.93300	-0.00600
214.83529	173.93300	-0.00300
215.11530	173.93000	-0.00400
215.39532	173.93000	-0.00500
215.67534	173.93000	0.00100
215.95535	173.93100	-0.00200
216.23537	173.92800	-0.00400
216.51538	173.92900	0.00000
216.79540	173.93100	-0.00400
217.07542	173.93300	-0.00200
217.35443	173.92500	-0.00300
217.62945	173.92500	-0.00600
217.89546	173.92500	-0.00400
218.17548	173.92900	-0.00700
218.45549	173.93300	-0.00300
218.73551	173.92700	-0.00100
219.01553	173.92500	-0.00300
219.29554	173.93200	-0.00300
219.57456	173.93400	-0.00300
219.84757	173.92900	-0.00100
220.11559	173.92700	-0.00400
220.39461	173.92900	-0.00200
220.66862	173.93100	-0.00300
220.93464	173.93000	-0.00400
221.21465	173.93000	-0.00100
221.49467	173.92800	-0.00300
221.77468	173.92900	-0.00600
222.05470	173.93000	-0.00500
222.33472	173.91800	-0.00200
222.61473	173.92200	-0.00500
222.89475	173.92500	-0.00200
223.17476	173.93000	0.00000
223.45478	173.93100	-0.00300
223.73480	173.92200	-0.00200
224.01481	173.92500	0.00000
224.29483	173.93200	-0.00300
224.57484	173.92600	-0.00200
224.85486	173.92300	-0.00200
225.13488	173.92400	-0.00600
225.41489	173.92600	-0.00400
225.69491	173.92600	-0.00600
225.97492	173.91800	-0.00300
226.25494	173.92300	-0.00300
226.53496	173.92400	-0.00200
226.81497	173.92500	-0.00500
227.09499	173.92300	-0.00200
227.37500	173.92400	-0.00500
227.65502	173.92400	-0.00200
227.93504	173.92500	-0.00400
228.21505	173.92500	-0.00400
228.49507	173.91900	-0.00400
228.77508	173.92300	-0.00100
229.05510	173.92700	-0.00600
229.33512	173.92300	-0.00400
229.61513	173.91900	-0.00500
229.89515	173.91800	-0.00700
230.17517	173.92700	-0.00400
230.45518	173.92500	-0.00200
230.73520	173.91600	-0.00100
231.01521	173.91600	-0.00600
231.29423	173.92100	-0.00100
231.56724	173.92500	-0.00500
231.83526	173.92000	-0.00300
232.11528	173.91900	-0.00100
232.39529	173.92300	-0.00200
232.67431	173.92600	-0.00100
232.94832	173.91900	-0.00400
233.21434	173.91700	-0.00500
233.48635	173.91800	-0.00500
233.75437	173.92200	-0.00500
234.02639	173.91900	-0.00200
234.29440	173.91900	-0.00400
234.57442	173.91200	-0.00400
234.85443	173.91800	-0.00500
235.13445	173.92400	-0.00400
235.41446	173.91500	-0.00600
235.69448	173.91300	-0.00400
235.97450	173.91300	-0.00200
236.25451	173.92100	-0.00300
236.53453	173.91400	-0.00300
236.81454	173.91000	-0.00300
237.09456	173.91400	-0.00300
237.37458	173.92000	-0.00700
237.65459	173.91900	-0.00300
237.93461	173.91200	0.00000
238.21462	173.91500	-0.00800
238.49464	173.91600	-0.00500
238.77466	173.91500	-0.00400
239.05467	173.90800	-0.00200
239.33469	173.91400	-0.00500
239.61471	173.91700	-0.00600
239.89472	173.91900	-0.00700
240.17474	173.91000	-0.00400
240.45475	173.90700	-0.00300
240.73477	173.90800	-0.00200
241.01479	173.91600	-0.00400
241.29480	173.91100	0.00100
241.57482	173.90800	-0.00100
241.85483	173.90800	-0.00700
242.13485	173.91400	-0.00400
242.41487	173.91300	-0.00600
242.69488	173.91100	-0.00200
242.97490	173.90700	-0.00400
243.25491	173.90700	-0.00500
243.53493	173.91400	-0.00500
243.81495	173.90800	-0.00500
244.09496	173.90500	-0.00100
244.37498	173.90900	-0.00700
244.65499	173.91100	-0.00200
244.93501	173.91100	-0.00200
245.21503	173.90800	-0.00100
245.49504	173.90700	-0.00200
245.77506	173.91000	-0.00600
246.05507	173.90500	-0.00400
246.33509	173.90600	-0.00400
246.61511	173.89900	-0.00500
246.89412	173.90900	-0.00100
247.16714	173.90800	-0.00300
247.43515	173.90300	-0.00400
247.71417	173.90000	-0.00400
247.98718	173.90600	-0.00700
248.25520	173.91000	-0.00100
248.53421	173.90600	-0.00500
248.81423	173.90200	-0.00500
249.09525	173.90200	-0.00500
249.37426	173.90500	-0.00200
249.65528	173.90600	-0.00600
249.93430	173.90000	-0.00400
250.21431	173.89500	-0.00100
250.49433	173.90400	-0.00500
250.77434	173.90400	-0.00300
251.05436	173.90000	-0.00300
251.33437	173.90300	-0.00600
251.61439	173.90400	-0.00500
251.89441	173.90600	-0.00100
252.17442	173.90000	-0.00300
252.45444	173.89700	-0.00100
252.73446	173.90000	-0.00200
253.01447	173.90200	-0.00200
253.29449	173.89900	-0.00400
253.57450	173.89900	-0.00400
253.85452	173.89700	-0.00200
254.13454	173.90200	-0.00400
254.41455	173.90500	-0.00100
254.69457	173.89800	-0.00500
254.97458	173.89500	-0.00600
255.25460	173.89500	-0.00500
255.53462	173.90400	-0.00400
255.81463	173.89500	-0.00500
256.09465	173.89700	-0.00400
256.37466	173.89400	-0.00600
256.65468	173.89800	-0.00700
256.93470	173.89500	-0.00300
257.21471	173.89200	-0.00300
257.49473	173.89000	-0.00300
257.77474	173.89700	-0.00300
258.05476	173.89500	-0.00400
258.33478	173.88500	-0.00600
258.61479	173.89000	-0.00300
258.89481	173.89600	-0.00400
259.17482	173.89600	-0.00300
259.45484	173.89500	-0.00400
259.73486	173.89300	-0.00400
260.01487	173.89100	-0.00600
260.29489	173.90000	-0.00400
260.57390	173.89000	-0.00300
260.84692	173.89200	0.00000
261.11493	173.88800	-0.00200
261.39395	173.89300	-0.00200
261.66797	173.89400	-0.00300
261.93398	173.88700	-0.00300
262.20800	173.88500	-0.00400
262.47401	173.89000	-0.00400
262.75403	173.89200	-0.00500
263.03404	173.88900	-0.00600
263.31406	173.88800	-0.00300
263.59408	173.88900	-0.00100
263.87409	173.89200	-0.00300
264.15411	173.88700	-0.00100
264.43412	173.88200	-0.00400
264.71414	173.88800	-0.00400
264.99416	173.88800	-0.00500
265.27417	173.88800	-0.00300
265.55419	173.88300	-0.00600
265.83420	173.88600	-0.00500
266.11422	173.88500	-0.00400
266.39424	173.89300	-0.00500
266.67425	173.88400	-0.00300
266.95427	173.88400	-0.00600
267.23428	173.88500	-0.00400
267.51430	173.89200	-0.00600
267.79432	173.88200	-0.00200
268.07433	173.87900	-0.00100
268.35435	173.88200	-0.00100
268.63436	173.88700	-0.00100
268.91438	173.88600	-0.00300
269.19440	173.87600	-0.00300
269.47441	173.88200	-0.00400
269.75443	173.88400	-0.00200
270.03444	173.88500	-0.00200
270.31446	173.87800	-0.00500
270.59448	173.87900	-0.00200
270.87449	173.88000	-0.00300
271.15451	173.88400	-0.00300
271.43452	173.88000	-0.00200
271.71454	173.87400	-0.00200
271.99456	173.87500	-0.00100
272.27457	173.88000	-0.00300
272.55459	173.88100	-0.00500
272.83460	173.87300	-0.00300
273.11462	173.87300	-0.00400
273.39464	173.87700	-0.00600
273.67465	173.88100	-0.00100
273.95367	173.87600	-0.00200
274.22768	173.87100	-0.00500
274.49470	173.87500	-0.00400
274.77472	173.87700	-0.00500
275.05473	173.87000	-0.00500
275.33475	173.86800	-0.00600
275.61376	173.87100	-0.00100
275.88778	173.87600	-0.00200
276.15379	173.87100	-0.00500
276.43381	173.86500	-0.00200
276.71383	173.86900	-0.00400
276.99484	173.87200	-0.00400
277.27386	173.87500	-0.00200
277.55387	173.87300	-0.00400
277.83389	173.87100	-0.00500
278.11391	173.87500	-0.00400
278.39392	173.87200	0.00000
278.67394	173.86600	-0.00100
278.95396	173.86900	-0.00200
279.23397	173.86800	-0.00500
279.51399	173.87400	-0.00600
279.79400	173.86400	-0.00700
280.07402	173.86500	-0.00300
280.35403	173.86700	-0.00300
280.63405	173.87000	-0.00100
280.91407	173.86900	-0.00200
281.19408	173.86800	-0.00200
281.47410	173.86600	-0.00400
281.75412	173.86800	-0.00500
282.03413	173.86900	-0.00100
282.31415	173.86200	-0.00400
282.59416	173.86200	-0.00500
282.87418	173.86100	0.00000
283.15419	173.87100	-0.00700
283.43421	173.86300	-0.00200
283.71423	173.86200	-0.00600
283.99424	173.86300	-0.00500
284.27426	173.86700	-0.00200
284.55428	173.86300	-0.00400
284.83429	173.86000	-0.00200
285.11431	173.85800	-0.00300
285.39432	173.86200	-0.00300
285.67434	173.86300	-0.00300
285.95435	173.85900	-0.00100
286.23437	173.85600	-0.00300
286.51439	173.86000	-0.00300
286.79440	173.86300	-0.00100
287.07442	173.86000	-0.00300
287.35444	173.85900	-0.00700
287.63445	173.85900	-0.00300
287.91447	173.86600	-0.00400
288.19448	173.85500	-0.00100
288.47450	173.85400	-0.00700
288.75452	173.85700	-0.00300
289.03453	173.86100	-0.00300
289.31355	173.85700	-0.00300
289.58656	173.85200	-0.00600
289.85458	173.85400	0.00000
290.13359	173.85800	-0.00400
290.41361	173.86000	0.00000
290.69463	173.85400	-0.00300
290.97364	173.85200	-0.00400
291.25366	173.85600	-0.00400
291.53368	173.85900	0.00100
291.81369	173.85300	-0.00200
292.09371	173.84800	-0.00100
292.37372	173.85200	-0.00300
292.65374	173.85800	-0.00100
292.93375	173.85400	-0.00300
293.21377	173.84900	-0.00200
293.49379	173.85200	0.00100
293.77380	173.85500	-0.00300
294.05382	173.85100	-0.00600
294.33384	173.85000	-0.00600
294.61385	173.84800	-0.00200
294.89387	173.85300	-0.00400
295.17388	173.85500	-0.00500
295.45390	173.84900	-0.00200
295.73391	173.84700	-0.00300
296.01393	173.85100	-0.00500
296.29395	173.85400	-0.00300
296.57396	173.85200	0.00100
296.85398	173.84800	-0.00200
297.13400	173.84700	-0.00700
297.41401	173.85000	-0.00400
297.69403	173.84900	-0.00400
297.97404	173.84700	-0.00500
298.25406	173.84400	-0.00500
298.53407	173.84700	-0.00200
298.81409	173.84700	0.00000
299.09411	173.84500	-0.00200
299.37412	173.84100	-0.00200
299.65414	173.85000	-0.00300
299.93415	173.84400	-0.00100
300.21417	173.84000	-0.00500
300.49419	173.84200	-0.00400
300.77420	173.84400	-0.00800
301.05422	173.85000	-0.00500
301.33424	173.84500	-0.00400
301.61425	173.84000	-0.00500
301.89427	173.84300	-0.00200
302.17428	173.84600	-0.00400
302.45430	173.84700	0.00000
302.73331	173.84200	-0.00400
303.00633	173.84000	-0.00600
303.27435	173.83900	-0.00400
303.55336	173.84500	-0.00200
303.83338	173.84300	-0.00500
304.11439	173.84000	-0.00400
304.39341	173.84100	-0.00300
304.67343	173.84700	-0.00200
304.95344	173.84300	-0.00100
305.23346	173.83800	-0.00600
305.51347	173.84500	-0.00400
305.79349	173.84600	-0.00300
306.07351	173.84200	-0.00300
306.35352	173.84000	-0.00100
306.63354	173.83500	0.00000
306.91355	173.84300	-0.00400
307.19357	173.84200	-0.00500
307.47359	173.84000	-0.00700
307.75360	173.83600	-0.00400
308.03362	173.84400	-0.00200
308.31363	173.84300	-0.00300
308.59365	173.84100	-0.00300
308.87367	173.84100	-0.00100
309.15368	173.83900	-0.00400
309.43370	173.84600	-0.00100
309.71371	173.84100	-0.00400
309.99373	173.83800	-0.00300
310.27375	173.83300	-0.00500
310.55376	173.84200	-0.00200
310.83378	173.84100	-0.00400
311.11379	173.83800	-0.00300
311.39381	173.83600	-0.00400
311.67383	173.84100	-0.00300
311.95384	173.84200	-0.00600
312.23386	173.84300	-0.00400
312.51388	173.83700	-0.00100
312.79389	173.83900	-0.00500
313.07391	173.84300	-0.00500
313.35392	173.84000	-0.00200
313.63394	173.83900	-0.00700
313.91396	173.83800	-0.00300
314.19397	173.84000	-0.00600
314.47399	173.83900	-0.00400
314.75400	173.83800	-0.00300
315.03402	173.83400	-0.00700
315.31403	173.83900	-0.00700
315.59405	173.84400	-0.00400
315.87407	173.84000	-0.00100
316.15408	173.83200	-0.00300
316.43410	173.83900	-0.00100
316.71312	173.84400	-0.00300
316.98613	173.83900	-0.00300
317.25315	173.83600	-0.00400
317.53416	173.84000	-0.00500
317.81418	173.84300	-0.00500
318.09319	173.84000	0.00000
318.37321	173.83700	0.00000
318.65323	173.83700	-0.00400
318.93324	173.84300	0.00200
319.21326	173.84200	-0.00300
319.49327	173.83900	-0.00500
319.77329	173.83500	-0.00600
320.05331	173.84000	-0.00100
320.33332	173.84600	0.00000
320.61334	173.84400	-0.00500
320.89335	173.83700	-0.00100
321.17337	173.84100	-0.00400
321.45339	173.84300	0.00000
321.73340	173.83800	-0.00200
322.01342	173.83800	-0.00300
322.29343	173.83800	-0.00200
322.57345	173.84300	-0.00600
322.85347	173.84100	-0.00400
323.13348	173.84000	-0.00400
323.41350	173.83900	-0.00200
323.69351	173.84600	-0.00100
323.97353	173.84400	-0.00200
324.25355	173.84200	-0.00600
324.53356	173.83700	-0.00300
324.81358	173.84200	-0.00300
325.09359	173.84500	-0.00400
325.37361	173.84300	-0.00400
325.65363	173.83700	-0.00100
325.93364	173.84300	-0.00400
326.21366	173.84300	-0.00700
326.49367	173.84600	-0.00500
326.77369	173.84000	-0.00500
327.05371	173.84300	-0.00300
327.33372	173.84700	-0.00100
327.61374	173.84700	-0.00300
327.89275	173.84500	-0.00400
328.16677	173.84000	-0.00300
328.43379	173.84200	-0.00200
328.71380	173.84900	-0.00500
328.99382	173.84800	-0.00600
329.27383	173.84500	-0.00400
329.55385	173.84300	-0.00200
329.83287	173.85000	-0.00500
330.10588	173.84500	-0.00500
330.37290	173.84100	-0.00300
330.64691	173.84100	-0.00400
330.91293	173.85000	-0.00500
331.18594	173.85000	-0.00300
331.45396	173.84500	-0.00400
331.73297	173.84400	-0.00100
332.01299	173.84800	-0.00300
332.29301	173.85500	-0.00500
332.57302	173.85200	0.00100
332.85304	173.84700	-0.00600
333.13305	173.84800	-0.00200
333.41307	173.85300	-0.00500
333.69309	173.85400	-0.00200
333.97310	173.84800	-0.00500
334.25312	173.85100	0.00100
334.53313	173.85100	0.00000
334.81315	173.85700	-0.00100
335.09317	173.85000	-0.00300
335.37318	173.85000	-0.00600
335.65320	173.85600	-0.00200
335.93321	173.85600	-0.00300
336.21323	173.85500	-0.00200
336.49325	173.85100	0.00100
336.77326	173.85500	-0.00300
337.05328	173.85500	-0.00300
337.33329	173.85100	-0.00200
337.61331	173.84900	-0.00200
337.89333	173.85000	-0.00100
338.17334	173.85500	-0.00200
338.45336	173.86000	-0.00100
338.73337	173.85400	-0.00100
339.01339	173.85100	-0.00500
339.29341	173.85700	-0.00400
339.57342	173.86100	-0.00200
339.85344	173.85400	-0.00200
340.13345	173.85100	-0.00200
340.41347	173.85400	-0.00300
340.69349	173.86100	-0.00600
340.97350	173.86000	-0.00500
341.25352	173.85600	-0.00300
341.53353	173.85900	-0.00500
341.81355	173.86400	-0.00600
342.09357	173.86100	-0.00200
342.37358	173.85900	-0.00200
342.65360	173.85800	-0.00500
342.93361	173.86200	-0.00200
343.21363	173.86300	-0.00400
343.49365	173.85900	-0.00500
343.77266	173.85900	-0.00100
344.04768	173.86200	0.00000
344.31269	173.86700	-0.00200
344.58771	173.86200	-0.00400
344.85372	173.85800	-0.00400
345.13274	173.85900	-0.00500
345.40776	173.86800	-0.00700
345.69077	173.86500	-0.00400
345.95279	173.86000	-0.00400
346.23280	173.86000	0.00000
346.51282	173.86900	-0.00300
346.79284	173.86900	-0.00100
347.07285	173.86400	-0.00300
347.35287	173.86400	-0.00200
347.63288	173.86700	-0.00100
347.91290	173.87000	-0.00500
348.19291	173.86700	-0.00400
348.47293	173.86200	0.00000
348.75295	173.86700	-0.00100
349.03296	173.87000	-0.00500
349.31298	173.86900	-0.00100
349.59300	173.86600	-0.00400
349.87301	173.86900	-0.00100
350.15303	173.86700	-0.00300
350.43304	173.87300	-0.00600
350.71306	173.86700	-0.00100
350.99307	173.86800	-0.00500
351.27309	173.87200	-0.00200
351.55311	173.87200	-0.00500
351.83312	173.87000	0.00100
352.11314	173.86500	-0.00400
352.39316	173.86900	-0.00200
352.67317	173.87400	-0.00500
352.95319	173.87300	-0.00100
353.23320	173.87000	-0.00500
353.51322	173.87000	-0.00600
353.79324	173.87600	-0.00200
354.07325	173.87500	-0.00600
354.35327	173.87100	-0.00400
354.63328	173.87100	-0.00700
354.91330	173.87400	-0.00400
355.19332	173.87500	-0.00400
355.47333	173.87600	0.00100
355.75335	173.87400	-0.00300
356.03336	173.87600	-0.00300
356.31338	173.88000	-0.00200
356.59340	173.87500	0.00000
356.87341	173.87100	-0.00500
357.15343	173.87600	-0.00100
357.43244	173.88200	-0.00500
357.70746	173.88200	-0.00300
357.97248	173.87300	-0.00400
358.24749	173.87800	-0.00600
358.51351	173.87900	-0.00300
358.79252	173.88100	-0.00200
359.07254	173.88000	-0.00300
359.35255	173.88000	-0.00500
359.63257	173.88300	-0.00500
359.91259	173.88400	-0.00200
360.19260	173.88100	-0.00200
360.47262	173.87700	-0.00100
360.75263	173.87900	-0.00400
361.03265	173.88700	-0.00300
361.31267	173.88600	-0.00100
361.59268	173.88100	-0.00200
361.87270	173.88000	-0.00300
362.15271	173.88500	-0.00500
362.43273	173.88400	-0.00500
362.71275	173.88200	-0.00400
362.99276	173.87900	-0.00200
363.27278	173.88700	-0.00400
363.55279	173.89200	-0.00600
363.83281	173.88500	-0.00400
364.11283	173.88200	-0.00300
364.39284	173.88300	-0.00200
364.67286	173.88800	-0.00500
364.95287	173.88700	-0.00500
365.23289	173.88600	-0.00400
365.51291	173.88800	-0.00100
365.79292	173.89400	-0.00500
366.07294	173.88800	-0.00400
366.35295	173.88400	-0.00600
366.63297	173.88400	-0.00200
366.91299	173.88900	-0.00600
367.19300	173.89400	-0.00300
367.47302	173.89000	-0.00300
367.75303	173.88500	-0.00100
368.03305	173.89200	0.00000
368.31307	173.89400	-0.00400
368.59308	173.89100	-0.00500
368.87310	173.88800	-0.00100
369.15311	173.89100	0.00000
369.43113	173.89400	-0.00200
369.70715	173.89600	-0.00100
369.97316	173.89000	-0.00200
370.25318	173.88900	-0.00400
370.53319	173.89300	-0.00300
370.81321	173.89200	-0.00200
371.09323	173.88900	-0.00200
371.37324	173.88900	-0.00500
371.65326	173.89600	-0.00100
371.93327	173.89600	-0.00500
372.21329	173.89800	-0.00500
372.49331	173.88800	-0.00200
372.77332	173.89500	-0.00400
373.05334	173.90100	-0.00300
373.33235	173.89800	-0.00400
373.61237	173.89700	-0.00200
373.89339	173.89600	-0.00300
374.17240	173.90000	-0.00100
374.45242	173.90000	-0.00200
374.73243	173.89600	-0.00400
375.01245	173.89600	-0.00300
375.29247	173.90000	-0.00400
375.57248	173.90300	-0.00300
375.85250	173.89600	-0.00200
376.13251	173.89500	-0.00300
376.41253	173.89900	-0.00400
376.69255	173.90000	-0.00400
376.97256	173.90000	-0.00700
377.25258	173.89900	0.00000
377.53259	173.90200	-0.00200
377.81261	173.90400	0.00000
378.09263	173.90100	-0.00500
378.37064	173.89900	-0.00300
378.63266	173.89600	-0.00100
378.91267	173.90500	-0.00200
379.19269	173.90300	0.00000
379.47270	173.90200	0.00000
379.75272	173.89800	-0.00200
380.03274	173.90500	-0.00100
380.31275	173.91200	-0.00500
380.59277	173.90900	-0.00400
380.87278	173.89900	-0.00200
381.15280	173.90200	-0.00400
381.43282	173.90800	-0.00300
381.71283	173.90600	-0.00400
381.99085	173.90000	-0.00300
382.26686	173.90100	-0.00100
382.53288	173.90800	-0.00400
382.81089	173.90600	-0.00100
383.08691	173.90300	0.00000
383.35293	173.90600	-0.00200
383.63094	173.91100	-0.00100
383.90696	173.91000	-0.00500
384.17297	173.90900	-0.00200
384.45099	173.90300	-0.00200
384.72700	173.90600	-0.00200
384.99302	173.90900	-0.00200
385.27104	173.90700	-0.00300
385.54705	173.90300	-0.00100
385.81307	173.90900	-0.00200
386.09108	173.90900	-0.00700
386.36710	173.91500	-0.00100
386.63311	173.91100	-0.00400
386.91113	173.90800	-0.00100
387.18715	173.90900	-0.00400
387.45316	173.91300	-0.00600
387.73118	173.91100	0.00000
388.00719	173.90400	-0.00600
388.27221	173.90800	-0.00100
388.55122	173.91300	-0.00100
388.82624	173.91200	0.00000
389.09225	173.90700	-0.00500
389.37127	173.91200	-0.00400
389.64629	173.91500	0.00000
389.91230	173.91700	-0.00600
390.19132	173.90800	-0.00300
390.46633	173.90800	-0.00200
390.73135	173.90800	-0.00100
391.00636	173.91700	-0.00400
391.27138	173.92100	0.00000
391.54639	173.90800	-0.00500
391.81141	173.90900	-0.00400
392.08643	173.91400	-0.00200
392.36744	173.91900	-0.00300
392.63046	173.91600	-0.00400
392.89247	173.91100	-0.00300
393.17049	173.91100	-0.00200
393.43050	173.92000	-0.00600
393.68952	173.91800	-0.00100
393.95653	173.91400	-0.00300
394.23055	173.91600	0.00000
394.49656	173.91900	-0.00200
394.77058	173.92000	-0.00200
395.03759	173.91600	-0.00100
395.31061	173.91400	0.00000
395.57663	173.91700	-0.00100
395.85064	173.91900	-0.00100
396.11766	173.92000	-0.00100
396.39067	173.91400	-0.00100
396.65669	173.91200	-0.00200
396.93070	173.92200	-0.00100
397.19672	173.91900	0.00000
397.47073	173.91900	-0.00100
397.73675	173.91500	-0.00500
398.01076	173.92200	-0.00400
398.27678	173.92300	-0.00400
398.55080	173.92300	-0.00300
398.81681	173.92100	-0.00500
399.09083	173.91700	-0.00200
399.35684	173.92100	-0.00300
399.63086	173.92500	-0.00100
399.89687	173.91700	-0.00100
400.17089	173.91800	0.00200
400.43690	173.92000	0.00200
400.71092	173.92400	-0.00300
400.97693	173.92100	-0.00300
401.25095	173.92000	0.00000
401.51697	173.92100	-0.00400
401.79098	173.92200	-0.00500
402.05700	173.92300	-0.00200
402.33101	173.91700	-0.00600
402.59703	173.92100	-0.00300
402.87104	173.92000	-0.00100
403.13706	173.92600	-0.00200
403.41107	173.92500	-0.00200
403.67709	173.92100	-0.00200
403.95110	173.92400	0.00100
404.21712	173.92300	-0.00100
404.49114	173.92700	0.00000
404.75715	173.92000	-0.00600
405.03117	173.92600	-0.00300
405.29718	173.92800	-0.00500
405.57120	173.92800	-0.00300
405.83721	173.92600	-0.00500
406.11123	173.92100	-0.00200
406.37624	173.92200	-0.00300
406.65126	173.93100	-0.00500
406.91727	173.92900	-0.00200
407.19129	173.92200	-0.00200
407.45731	173.92100	0.00100
407.73132	173.92900	-0.00200
407.99634	173.93200	-0.00600
408.27135	173.92700	-0.00300
408.53737	173.92500	-0.00200
408.81138	173.92600	-0.00100
409.07640	173.93000	-0.00500
409.35141	173.92700	0.00000
409.61643	173.92800	-0.00400
409.89144	173.92400	-0.00300
410.15546	173.92900	-0.00600
410.43048	173.93000	-0.00300
410.69549	173.92800	-0.00300
410.97251	173.92700	-0.00400
411.25252	173.93200	-0.00200
411.53254	173.93000	0.00000
411.81255	173.92600	-0.00600
412.09257	173.92600	-0.00200
412.37259	173.92900	-0.00400
412.65260	173.93300	0.00000
412.93262	173.93200	0.00000
413.21263	173.92700	-0.00200
413.49165	173.93100	-0.00200
413.75767	173.93500	-0.00500
414.03168	173.93200	-0.00400
414.29670	173.92600	-0.00600
414.57271	173.92600	-0.00400
414.84873	173.93100	-0.00500
415.11674	173.93700	-0.00200
415.39276	173.93200	-0.00500
415.67177	173.93000	-0.00400
415.95179	173.93100	-0.00400
416.23181	173.93400	-0.00300
416.51182	173.93500	-0.00400
416.79184	173.92800	-0.00600
417.07186	173.93000	-0.00100
417.34887	173.93400	-0.00400
417.61789	173.93300	-0.00100
417.88890	173.93000	-0.00200
418.15692	173.93100	-0.00400
418.43193	173.93100	-0.00400
418.71195	173.93700	-0.00100
418.98896	173.93300	-0.00200
419.25698	173.93100	-0.00300
419.53200	173.93400	-0.00300
419.80901	173.93700	-0.00400
420.07703	173.93500	-0.00100
420.35204	173.93100	-0.00600
420.63206	173.93000	-0.00400
420.90907	173.93400	0.00000
421.17709	173.93600	-0.00200
421.45211	173.93400	0.00000
421.73212	173.93100	-0.00200
422.01214	173.93400	-0.00100
422.29215	173.94300	-0.00300
422.57217	173.93900	0.00000
422.85219	173.93100	-0.00200
423.13220	173.93000	-0.00100
423.41222	173.93800	-0.00700
423.68823	173.93500	-0.00100
423.95725	173.92900	-0.00100
424.23226	173.93300	-0.00200
424.50828	173.93600	-0.00200
424.77730	173.93600	-0.00100
425.05231	173.93700	-0.00200
425.32833	173.93300	-0.00300
425.59734	173.93700	-0.00100
425.87236	173.93700	-0.00300
426.15237	173.93500	-0.00200
426.43239	173.93100	-0.00400
426.71241	173.93500	0.00000
426.99242	173.93800	-0.00100
427.27244	173.94000	-0.00200
427.55245	173.93400	-0.00200
427.83147	173.93200	-0.00500
428.11249	173.93800	-0.00200
428.39150	173.93900	-0.00400
428.67152	173.94000	-0.00200
428.95253	173.93400	-0.00200
429.23155	173.93700	0.00100
429.51157	173.94100	0.00100
429.79158	173.93500	-0.00600
430.07160	173.93400	-0.00400
430.35161	173.93800	-0.00300
430.63163	173.94200	-0.00300
430.91165	173.94100	-0.00100
431.19166	173.93700	-0.00400
431.47168	173.93700	-0.00500
431.75169	173.94300	-0.00100
432.03171	173.94400	-0.00300
432.31173	173.93800	-0.00400
432.59174	173.93200	-0.00400
432.87176	173.93800	0.00000
433.14977	173.94500	-0.00200
433.41679	173.93700	-0.00200
433.68981	173.93500	0.00200
433.95682	173.93400	-0.00200
434.22984	173.94200	-0.00400
434.49685	173.94200	-0.00200
434.76987	173.94000	-0.00300
435.03688	173.93700	-0.00300
435.31190	173.94200	-0.00400
435.58991	173.94300	0.00000
435.85693	173.93900	0.00000
436.12995	173.93500	-0.00400
436.39696	173.93700	-0.00300
436.66998	173.94400	-0.00300
436.93699	173.94100	0.00000
437.21001	173.93800	-0.00300
437.47702	173.94200	-0.00200
437.75004	173.94400	-0.00100
438.01705	173.94200	-0.00500
438.29007	173.93700	-0.00300
438.55708	173.93600	-0.00400
438.83010	173.94200	-0.00200
439.09712	173.94500	-0.00400
439.37013	173.94000	-0.00300
439.63715	173.93700	-0.00400
439.91016	173.93400	-0.00400
440.17718	173.94200	-0.00200
440.45019	173.94600	-0.00200
440.71721	173.94100	-0.00200
440.99222	173.93800	-0.00500
441.27224	173.94300	-0.00300
441.55226	173.94300	-0.00300
441.83227	173.94000	-0.00100
442.11029	173.93700	0.00000
442.37730	173.94200	-0.00200
442.65232	173.94000	-0.00700
442.92933	173.94200	-0.00400
443.19735	173.93600	-0.00200
443.47136	173.93900	0.00200
443.75138	173.94500	-0.00300
444.03140	173.94500	-0.00300
444.31141	173.93800	-0.00400
444.59143	173.93900	-0.00100
444.87144	173.94300	-0.00200
445.15146	173.94200	-0.00100
445.43148	173.94700	-0.00700
445.71149	173.93800	-0.00300
445.99151	173.94000	0.00100
446.27153	173.94300	0.00000
446.55154	173.94700	-0.00100
446.83156	173.93800	-0.00300
447.11157	173.94100	-0.00600
447.39159	173.94500	-0.00100
447.67161	173.94500	-0.00400
447.95162	173.94100	-0.00100
448.23164	173.94000	0.00100
448.51165	173.94200	-0.00100
448.79167	173.94300	0.00000
449.07169	173.94200	-0.00400
449.34970	173.93800	-0.00300
449.61672	173.94300	0.00000
449.89173	173.94400	-0.00100
450.16975	173.94200	-0.00300
450.43776	173.94000	-0.00600
450.71178	173.94200	-0.00200
450.98980	173.94600	-0.00300
451.25781	173.94400	-0.00100
451.53183	173.93700	-0.00400
451.80984	173.93900	-0.00300
452.07786	173.94500	-0.00100
452.34987	173.94200	-0.00300
452.61789	173.94200	-0.00200
452.89190	173.93900	-0.00700
453.16992	173.93900	-0.00200
453.43693	173.94400	-0.00300
453.70995	173.94200	-0.00300
453.97697	173.93600	-0.00400
454.24998	173.94000	-0.00400
454.51700	173.93800	0.00100
454.79001	173.94700	-0.00200
455.05703	173.94200	-0.00300
455.33204	173.94200	0.00500
455.61006	173.94200	-0.00100
455.87707	173.95000	-0.00100
456.15209	173.94300	0.00100
456.42911	173.93700	-0.00300
456.69712	173.94000	-0.00100
456.96914	173.94300	-0.00400
457.23715	173.94300	-0.00400
457.50917	173.93700	-0.00100
457.77718	173.93800	-0.00200
458.04920	173.94600	-0.00600
458.31721	173.95000	-0.00100
458.58923	173.94500	-0.00500
458.85724	173.93900	-0.00500
459.12926	173.94100	-0.00500
459.39728	173.94400	-0.00400
459.66929	173.94000	-0.00100
459.93731	173.93900	-0.00400
460.20932	173.93700	-0.00300
460.47734	173.94300	-0.00200
460.74935	173.94700	-0.00200
461.01737	173.94400	0.00100
461.28938	173.93800	-0.00200
461.55740	173.94300	0.00200
461.82941	173.94700	-0.00200
462.09743	173.94200	-0.00400
462.36945	173.94000	-0.00100
462.63746	173.93700	-0.00400
462.90948	173.94300	-0.00200
463.17749	173.94500	-0.00200
463.45151	173.94300	0.00000
463.72952	173.93800	-0.00200
463.99754	173.94200	0.00000
464.26955	173.94400	-0.00400
464.53657	173.94700	-0.00300
464.81159	173.94000	-0.00200
465.08960	173.93700	0.00000
465.35662	173.94600	-0.00200
465.62963	173.94600	-0.00300
465.89765	173.93900	-0.00200
466.16966	173.93600	-0.00200
466.43668	173.93900	-0.00300
466.71169	173.94600	-0.00300
466.98971	173.93900	-0.00200
467.25673	173.94000	-0.00300
467.52974	173.94300	-0.00500
467.79776	173.94700	-0.00100
468.06977	173.94100	-0.00200
468.33679	173.93700	-0.00100
468.60980	173.93500	-0.00300
468.87682	173.93800	0.00000
469.14883	173.94200	-0.00600
469.41785	173.93900	-0.00700
469.68986	173.94100	-0.00200
469.95788	173.94100	0.00000
470.22890	173.94500	-0.00200
470.49691	173.94400	-0.00400
470.76893	173.94100	-0.00400
471.03694	173.94000	-0.00200
471.30996	173.94000	-0.00200
471.57697	173.94500	-0.00200
471.84899	173.94200	-0.00700
472.11700	173.93800	0.00000
472.38902	173.93700	-0.00100
472.65703	173.94900	0.00000
472.92905	173.94200	-0.00300
473.19707	173.93900	-0.00300
473.46908	173.94100	-0.00200
473.73710	173.94500	-0.00300
474.00911	173.94400	-0.00200
474.27713	173.93900	-0.00300
474.54914	173.93900	-0.00100
474.81716	173.94000	-0.00100
475.08917	173.94400	-0.00300
475.35719	173.93800	-0.00200
475.62920	173.93800	-0.00100
475.89722	173.93900	-0.00500
476.17024	173.94300	-0.00300
476.43725	173.94600	-0.00100
476.70927	173.94200	0.00000
476.97728	173.93400	0.00000
477.24930	173.93600	-0.00100
477.51731	173.94100	-0.00300
477.79033	173.94100	0.00000
478.05734	173.93600	-0.00200
478.32936	173.93900	-0.00300
478.59737	173.94400	-0.00100
478.86939	173.94000	-0.00200
479.13740	173.93700	-0.00400
479.41042	173.93800	-0.00300
479.67744	173.93900	-0.00500
479.95045	173.94500	-0.00400
480.21747	173.93600	-0.00300
480.48948	173.93500	-0.00600
480.75750	173.93500	-0.00300
481.02951	173.93800	-0.00300
481.29753	173.93700	-0.00100
481.56954	173.93400	-0.00600
481.83756	173.93200	-0.00100
482.10957	173.94000	-0.00300
482.37759	173.94300	0.00200
482.64961	173.94000	-0.00300
482.91762	173.93400	-0.00300
483.18964	173.93600	-0.00500
483.45765	173.94100	-0.00500
483.72867	173.94200	-0.00100
483.99768	173.93400	0.00200
484.26870	173.93500	-0.00100
484.53771	173.93900	-0.00100
484.80973	173.94000	-0.00100
485.07774	173.93600	0.00100
485.34876	173.93300	-0.00100
485.61778	173.93700	-0.00100
485.88879	173.94100	-0.00100
486.15781	173.93300	-0.00100
486.42882	173.93200	0.00000
486.69784	173.93500	-0.00100
486.96885	173.93900	-0.00200
487.23787	173.93900	-0.00500
487.50888	173.93500	-0.00200
487.77690	173.93200	0.00100
488.04891	173.93800	-0.00100
488.31693	173.93700	-0.00200
488.58895	173.93700	-0.00400
488.85696	173.93200	-0.00300
489.12898	173.93200	-0.00200
489.39699	173.93600	-0.00600
489.66901	173.93600	-0.00700
489.93702	173.92800	-0.00300
490.20904	173.93000	-0.00200
490.47705	173.93500	-0.00600
490.74907	173.93500	-0.00300
491.01708	173.93400	-0.00300
491.28910	173.92800	-0.00100
491.55712	173.93500	-0.00100
491.82913	173.93500	0.00100
492.09715	173.93300	-0.00200
492.36916	173.92700	0.00100
492.63718	173.92900	-0.00200
492.90919	173.92800	0.00100
493.17721	173.93300	-0.00400
493.44922	173.93400	-0.00200
493.71724	173.93000	-0.00300
493.98925	173.93100	-0.00300
494.25727	173.93300	0.00000
494.53029	173.93400	-0.00100
494.79730	173.93100	0.00000
495.06932	173.92800	-0.00500
495.33733	173.93200	-0.00100
495.60935	173.93300	0.00200
495.87736	173.93100	0.00000
496.14938	173.92600	0.00000
496.41739	173.92800	-0.00200
496.68941	173.93400	0.00100
496.95742	173.93400	-0.00100
497.22944	173.93100	-0.00100
497.49746	173.93000	0.00000
497.76947	173.93200	-0.00200
498.03749	173.93300	0.00000
498.30850	173.92700	-0.00200
498.57752	173.92500	-0.00100
498.84853	173.92600	0.00100
499.11755	173.93100	-0.00500
499.38956	173.93100	-0.00300
499.65758	173.92600	0.00100
499.92859	173.92700	-0.00200
500.19761	173.93100	0.00000
500.46863	173.93000	0.00000
500.73764	173.93100	0.00000
501.00966	173.92300	-0.00300
501.27767	173.92900	0.00100
501.54869	173.93000	-0.00400
501.81770	173.92800	-0.00400
502.08872	173.92400	-0.00300
502.35773	173.92700	0.00100
502.62875	173.93300	-0.00100
502.89776	173.92600	-0.00300
503.16878	173.92400	-0.00200
503.43680	173.92200	-0.00100
503.70881	173.93000	-0.00100
503.97683	173.92600	-0.00500
504.24884	173.92600	-0.00300
504.51786	173.92100	-0.00100
504.78887	173.92600	-0.00200
505.05689	173.92700	-0.00200
505.32890	173.92900	-0.00100
505.59692	173.92300	-0.00100
505.86893	173.92200	-0.00300
506.13695	173.92700	0.00000
506.40896	173.92900	-0.00200
506.67698	173.92500	-0.00400
506.94900	173.91800	-0.00100
507.21701	173.92200	-0.00100
507.48903	173.93100	0.00100
507.75704	173.92700	-0.00500
508.02906	173.91900	-0.00300
508.29707	173.92200	-0.00200
508.56909	173.92400	-0.00400
508.83710	173.92400	-0.00400
509.10912	173.92300	-0.00100
509.37713	173.92100	-0.00300
509.64915	173.92200	-0.00100
509.91717	173.92300	-0.00400
510.18918	173.92000	-0.00100
510.45720	173.91400	-0.00300
510.72921	173.92200	-0.00200
510.99723	173.92400	-0.00300
511.26924	173.92700	-0.00100
511.53726	173.92100	-0.00300
511.80927	173.91700	-0.00300
512.07729	173.92400	-0.00100
512.34830	173.92400	0.00000
512.61732	173.91900	-0.00400
512.88834	173.91800	-0.00200
513.15735	173.91700	-0.00100
513.42837	173.92300	-0.00300
513.69738	173.92300	0.00100
513.96840	173.91700	-0.00500
514.23741	173.91400	-0.00400
514.50943	173.91800	0.00100
514.77744	173.92200	-0.00300
515.04846	173.91600	-0.00300
515.31747	173.91500	0.00200
515.58849	173.91700	-0.00200
515.85751	173.92000	-0.00400
516.12852	173.91300	-0.00100
516.39754	173.91300	-0.00200
516.66855	173.91000	-0.00200
516.93757	173.91600	-0.00500
517.20858	173.92100	-0.00200
517.47760	173.91200	-0.00300
517.74861	173.91200	-0.00500
518.01763	173.91500	-0.00100
518.28864	173.92000	-0.00400
518.55766	173.91600	-0.00100
518.82767	173.91000	-0.00100
519.09769	173.91200	0.00100
519.36871	173.91600	0.00000
519.63772	173.91600	-0.00100
519.90874	173.91300	-0.00500
520.17775	173.91000	-0.00300
520.44677	173.91400	-0.00200
520.71778	173.91700	0.00100
520.98880	173.91300	-0.00100
521.25681	173.91000	-0.00100
521.52683	173.91100	0.00000
521.79684	173.91600	-0.00200
522.06686	173.91000	-0.00200
522.33688	173.90800	-0.00100
522.60889	173.91000	-0.00400
522.87691	173.91100	-0.00200
523.14892	173.91600	-0.00400
523.41694	173.91900	-0.00700
523.68895	173.90700	-0.00300
523.95697	173.91000	-0.00100
524.22898	173.91300	0.00100
524.49700	173.91400	-0.00500
524.76901	173.90600	-0.00200
525.03703	173.90800	-0.00400
525.30705	173.91000	-0.00300
525.57706	173.91500	-0.00100
525.84908	173.90900	-0.00200
526.11709	173.90500	-0.00100
526.38911	173.90600	-0.00300
526.65712	173.91700	-0.00200
526.92714	173.90500	-0.00200
527.19715	173.90600	0.00000
527.46917	173.90800	-0.00100
527.73718	173.90500	-0.00200
528.00920	173.91200	0.00100
528.27722	173.90700	-0.00500
528.54723	173.90400	-0.00100
528.81725	173.90500	-0.00200
529.08726	173.90800	-0.00200
529.35728	173.90500	-0.00300
529.62829	173.90300	-0.00100
529.89731	173.90500	-0.00200
530.16732	173.90500	-0.00100
530.43734	173.90700	-0.00100
530.70735	173.90100	-0.00100
530.97737	173.90100	0.00100
531.24739	173.90400	-0.00100
531.51740	173.90700	-0.00400
531.78742	173.90300	-0.00400
532.05743	173.90100	-0.00200
532.32845	173.90000	0.00000
532.59746	173.90400	-0.00500
532.86848	173.90500	-0.00100
533.13749	173.89500	-0.00500
533.40651	173.89800	-0.00600
533.67752	173.90100	-0.00400
533.94654	173.90600	-0.00100
534.21756	173.89700	0.00000
534.48657	173.89500	-0.00400
534.75759	173.89800	-0.00300
535.02660	173.90200	-0.00100
535.29762	173.90200	-0.00200
535.56663	173.89400	-0.00300
535.83765	173.89700	0.00100
536.10666	173.89800	-0.00100
536.37768	173.89900	-0.00400
536.64669	173.89900	-0.00100
536.91771	173.89200	-0.00200
537.18673	173.89500	0.00000
537.45774	173.89700	-0.00300
537.72676	173.89700	-0.00300
537.99777	173.88900	-0.00500
538.26679	173.89100	-0.00200
538.53680	173.89900	-0.00100
538.80682	173.89800	0.00200
539.07683	173.89100	0.00000
539.34685	173.89200	0.00100
539.61686	173.89300	-0.00600
539.88688	173.89900	0.00000
540.15690	173.89300	0.00100
540.42691	173.89100	-0.00100
540.69693	173.89100	-0.00200
540.96694	173.89600	-0.00400
541.23696	173.89400	-0.00300
541.50697	173.89000	-0.00200
541.77699	173.88700	-0.00600
542.04700	173.89100	-0.00200
542.31702	173.89900	-0.00400
542.58703	173.89300	-0.00200
542.85705	173.88700	-0.00400
543.12706	173.88800	-0.00200
543.39708	173.89100	-0.00400
543.66710	173.89300	-0.00200
543.93711	173.88500	-0.00700
544.20713	173.88200	-0.00100
544.47714	173.88900	-0.00400
544.74716	173.88800	-0.00100
545.01717	173.88700	-0.00400
545.28719	173.88300	-0.00500
545.55720	173.88900	-0.00200
545.82722	173.89300	0.00000
546.09724	173.88500	-0.00400
546.36625	173.88600	0.00000
546.63727	173.88400	0.00000
546.90628	173.88700	-0.00100
547.17730	173.88900	-0.00300
547.44731	173.88300	-0.00500
547.71733	173.88100	-0.00200
547.98634	173.88400	-0.00100
548.25736	173.88400	0.00100
548.52637	173.88700	-0.00200
548.79739	173.87900	0.00100
549.06640	173.87900	0.00000
549.33742	173.88100	-0.00200
549.60644	173.88500	-0.00200
549.87745	173.88000	-0.00200
550.14647	173.87600	-0.00400
550.41748	173.87700	-0.00200
550.68650	173.88400	-0.00500
550.95751	173.87900	0.00000
551.22653	173.87900	0.00000
551.49754	173.87600	-0.00200
551.76656	173.88500	-0.00400
552.03757	173.88000	0.00100
552.30659	173.87600	-0.00200
552.57761	173.87500	0.00100
552.84662	173.87700	-0.00200
553.11764	173.88200	-0.00100
553.38665	173.87700	-0.00500
553.65767	173.87200	-0.00300
553.92668	173.87400	0.00000
554.19770	173.88000	-0.00500
554.46671	173.88000	-0.00200
554.73773	173.87500	0.00200
555.00674	173.87200	0.00200
555.27776	173.87400	-0.00600
555.54677	173.87900	-0.00400
555.81779	173.87500	-0.00500
556.08681	173.87000	-0.00100
556.35682	173.87300	-0.00100
556.62684	173.87400	-0.00200
556.89685	173.87200	-0.00100
557.16687	173.87300	-0.00100
557.43688	173.86800	0.00100
557.70690	173.87100	-0.00400
557.97691	173.87700	-0.00100
558.24693	173.87000	-0.00400
558.51695	173.86900	0.00000
558.78696	173.86700	-0.00400
559.05698	173.87400	-0.00300
559.32699	173.87100	0.00000
559.59701	173.86400	-0.00100
559.86702	173.87000	0.00000
560.13704	173.86800	-0.00200
560.40605	173.87000	-0.00400
560.67707	173.86500	-0.00600
560.94708	173.86400	0.00000
561.21710	173.86600	-0.00200
561.48611	173.86800	-0.00200
561.75713	173.86500	-0.00200
562.02615	173.86200	-0.00400
562.29716	173.86200	0.00100
562.56618	173.86400	-0.00200
562.83719	173.86200	-0.00600
563.10621	173.85900	-0.00200
563.37722	173.85900	-0.00200
563.64624	173.86300	-0.00500
563.91725	173.86600	-0.00200
564.18627	173.86100	-0.00200
564.45728	173.85800	-0.00400
564.72630	173.85600	-0.00200
564.99732	173.86300	-0.00300
565.26633	173.86100	-0.00400
565.53735	173.85800	-0.00600
565.80636	173.85800	-0.00200
566.07738	173.86000	-0.00600
566.34639	173.86500	-0.00100
566.61741	173.85900	-0.00200
566.88642	173.85600	0.00000
567.15744	173.85500	-0.00300
567.42646	173.86000	-0.00200
567.69747	173.85600	-0.00200
567.96649	173.85300	-0.00400
568.23750	173.85300	-0.00300
568.50652	173.86000	0.00200
568.77753	173.85800	0.00000
569.04655	173.85500	-0.00600
569.31756	173.85400	-0.00100
569.58658	173.85500	-0.00200
569.85759	173.86100	-0.00300
570.12661	173.85300	-0.00200
570.39762	173.84700	-0.00200
570.66664	173.84900	-0.00400
570.93766	173.85600	-0.00500
571.20667	173.85300	-0.00100
571.47669	173.85000	-0.00200
571.74670	173.84500	-0.00300
572.01672	173.85000	-0.00100
572.28673	173.85200	-0.00300
572.55775	173.85100	-0.00100
572.82676	173.84300	-0.00200
573.09678	173.84400	-0.00100
573.36579	173.85100	-0.00300
573.63681	173.85300	-0.00300
573.90683	173.84500	-0.00400
574.17684	173.84300	-0.00100
574.44686	173.84700	-0.00200
574.71687	173.84900	-0.00100
574.98589	173.84600	-0.00400
575.25690	173.84600	0.00100
575.52592	173.84200	-0.00400
575.79693	173.84900	-0.00100
576.06695	173.84900	-0.00200
576.33696	173.84000	0.00100
576.60598	173.84000	-0.00100
576.87700	173.84700	-0.00400
577.14601	173.84500	-0.00300
577.41703	173.84400	-0.00200
577.68604	173.83600	-0.00300
577.95706	173.84100	-0.00300
578.22607	173.84500	0.00000
578.49709	173.84400	0.00000
578.76610	173.83700	-0.00200
579.03712	173.83900	-0.00200
579.30613	173.83700	-0.00300
579.57715	173.84200	-0.00300
579.84617	173.84100	-0.00100
580.11718	173.83700	-0.00200
580.38620	173.83800	-0.00500
580.65721	173.83900	-0.00300
580.92623	173.83600	-0.00200
581.19724	173.83600	-0.00300
581.46626	173.83500	0.00000
581.73727	173.83800	-0.00400
582.00729	173.83900	-0.00200
582.27730	173.83300	-0.00200
582.54632	173.83200	-0.00400
582.81734	173.83600	-0.00400
583.08735	173.84000	0.00000
583.35737	173.83100	-0.00500
583.62738	173.82600	-0.00400
583.89740	173.83100	-0.00100
584.16641	173.83400	-0.00500
584.43743	173.83400	-0.00400
584.70744	173.83000	0.00000
584.97746	173.82600	-0.00300
585.24747	173.83000	-0.00100
585.51749	173.83200	-0.00500
585.78650	173.82900	-0.00200
586.05752	173.82300	-0.00200
586.32754	173.82500	-0.00100
586.59755	173.83200	-0.00400
586.86757	173.83000	-0.00300
587.13658	173.82600	0.00000
587.40660	173.82400	-0.00200
587.67661	173.83100	-0.00300
587.94663	173.83000	-0.00700
588.21764	173.82600	-0.00400
588.48766	173.82500	0.00000
588.75667	173.82200	-0.00300
589.02669	173.82900	-0.00400
589.29671	173.83000	-0.00600
589.56672	173.82300	-0.00100
589.83674	173.82200	-0.00100
590.10775	173.82600	0.00000
590.37677	173.82800	-0.00100
590.64678	173.82400	-0.00100
590.91680	173.81800	-0.00100
591.18781	173.82200	-0.00400
591.45683	173.82500	-0.00200
591.72784	173.82000	0.00000
591.99686	173.81800	-0.00300
592.26588	173.82000	-0.00100
592.53689	173.82100	-0.00500
592.80791	173.82300	-0.00200
593.07692	173.81500	-0.00100
593.34794	173.82100	-0.00300
593.61695	173.82200	0.00000
593.88797	173.82300	0.00000
594.15698	173.81900	-0.00300
594.42600	173.81500	0.00000
594.69701	173.81300	-0.00400
594.96703	173.81700	-0.00300
595.23705	173.81900	-0.00200
595.50806	173.81300	0.00100
595.77708	173.81300	0.00200
596.04809	173.82000	-0.00400
596.31711	173.82200	-0.00600
596.58712	173.81600	-0.00500
596.85714	173.80900	-0.00200
597.12715	173.81300	-0.00400
597.39717	173.81800	-0.00200
597.66718	173.81600	-0.00300
597.93720	173.81100	-0.00400
598.20721	173.80400	-0.00400
598.47723	173.81100	-0.00200
598.74725	173.81200	-0.00100
599.01726	173.81100	-0.00400
599.28728	173.80500	-0.00300
599.55729	173.81300	-0.00400
599.82731	173.81500	-0.00300
600.09732	173.80700	-0.00200
600.36734	173.81000	-0.00400
600.63735	173.80700	-0.00500
600.90737	173.81200	-0.00300
601.17639	173.81500	0.00000
601.44740	173.81000	-0.00200
601.71642	173.80900	-0.00200
601.98743	173.80500	-0.00300
602.25745	173.80500	-0.00400
602.52746	173.80600	-0.00300
602.79748	173.80500	-0.00300
603.06749	173.80600	-0.00400
603.33751	173.80700	-0.00300
603.60752	173.80800	-0.00100
603.87754	173.80400	-0.00300
604.14755	173.80900	0.00000
604.41757	173.80800	-0.00100
604.68759	173.80700	-0.00300
604.95660	173.81000	-0.00100
605.22762	173.80800	-0.00400
